0
0.122478
0.372449
0.4488
0.484392
0.510764
0.520198
0.526372
0.532996
0.537296
0.538589
0.541804
0.543675
0.544714
0.5485
0.549211
0.551688
0.552224
0.551705
0.552359
0.552818
0.553505
0.552742
0.554662
0.555885
0.556728
0.557557
0.558253
0.556311
0.556441
0.556594
0.556819
0.556054
0.556848
0.558318
0.558299
0.558226
0.558428
0.55824
0.559896
0.55959
0.559761
0.559849
0.560983
0.561683
0.562136
0.562823
0.562223
0.561945
0.561328
0.560663
0.560825
0.560883
0.560972
0.560937
0.560846
0.561174
0.561266
0.561382
0.562107
0.562259
0.562605
0.562713
0.562963
0.562349
0.563009
0.563142
0.56401
0.563942
0.56391
0.563898
0.563667
0.563825
0.563182
0.56262
0.562783
0.562612
0.562627
0.562556
0.562838
0.563082
0.56263
0.562627
0.562485
0.562561
0.562837
0.562712
0.562433
0.562718
0.562857
0.562735
0.562803
0.562529
0.562339
0.562248
0.562543
0.562992
0.562851
0.563195
0.563308
0.564024
0.564595
0.564349
0.564369
0.563982
0.56406
0.564356
0.564747
0.565029
0.565185
0.565185
0.565355
0.565136
0.565223
0.565187
0.565104
0.56517
0.56515
0.565226
0.564979
0.564973
0.565324
0.565221
0.564817
0.565147
0.564813
0.564863
0.564772
0.564624
0.564325
0.564422
0.564322
0.564325
0.563745
0.563698
0.56354
0.563806
0.563883
0.563716
0.563746
0.563734
0.563568
0.5633
0.563283
0.563344
0.563533
0.563584
0.563446
0.563468
0.563322
0.563232
0.563084
0.562785
0.563071
0.563051
0.562838
0.562928
0.562685
0.562708
0.562506
0.56232
0.562337
0.562207
0.562095
0.562076
0.562238
0.562413
0.562637
0.562556
0.562272
0.562346
0.5625
0.562483
0.562542
0.562422
0.562303
0.562826
0.562898
0.563077
0.562992
0.563
0.562905
0.562571
0.562541
0.562437
0.56227
0.562223
0.56225
0.562309
0.562117
0.562092
0.562335
0.562297
0.562366
0.562114
0.562354
0.562534
0.562653
0.562646
0.562514
0.562473
0.562501
0.562296
0.562206
0.562289
0.562128
0.562085
0.56191
0.562076
0.561969
0.561773
0.561623
0.561712
0.561674
0.561645
0.561769
0.56207
0.561935
0.56189
0.561654
0.561515
0.561464
0.561441
0.561553
0.561348
0.561445
0.561386
0.561386
0.561629
0.561424
0.561484
0.561418
0.561537
0.56159
0.561633
0.561534
0.561663
0.561616
0.561684
0.561694
0.561568
0.561503
0.561475
0.56155
0.561589
0.561476
0.56153
0.561778
0.561789
0.56156
0.561602
0.561536
0.561471
0.561363
0.561463
0.561414
0.561434
0.561251
0.561068
0.560971
0.56088
0.560777
0.561003
0.560859
0.560916
0.560903
0.560908
0.560893
0.560921
0.560881
0.560928
0.56088
0.560743
0.56104
0.560969
0.56086
0.560925
0.5608
0.560632
0.560725
0.560772
0.560683
0.560725
0.560627
0.560659
0.560653
0.560516
0.560517
0.560609
0.560375
0.560312
0.560211
0.560395
0.56042
0.56049
0.560459
0.56027
0.560321
0.560344
0.560132
0.560191
0.560197
0.560042
0.560052
0.559979
0.560108
0.560053
0.560018
0.559943
0.560065
0.560151
0.560172
0.560189
0.56024
0.560209
0.560289
0.560251
0.560214
0.56032
0.560206
0.560175
0.560113
0.560105
0.559869
0.559842
0.559901
0.560006
0.559911
0.559875
0.559845
0.559782
0.559778
0.559948
0.559885
0.559869
0.559724
0.559699
0.55976
0.559658
0.559807
0.559789
0.559731
0.559771
0.559749
0.559779
0.559665
0.559679
0.559691
0.559821
0.559818
0.559878
0.559935
0.559912
0.559822
0.559853
0.559917
0.559984
0.559838
0.559956
0.559988
0.559873
0.559949
0.560019
0.560106
0.56003
0.560074
0.559946
0.559911
0.559871
0.55985
0.559925
0.559957
0.559922
0.559996
0.560073
0.560015
0.560042
0.560046
0.559934
0.560042
0.560012
0.560065
0.56018
0.560232
0.56038
0.560425
0.560448
0.560447
0.560343
0.560323
0.560387
0.560447
0.560431
0.560367
0.560344
0.560362
0.560402
0.560442
0.560402
0.560393
0.560499
0.5606
0.560465
0.560494
0.56062
0.560576
0.560585
0.560534
0.560487
0.560502
0.560494
0.560598
0.560372
0.560308
0.56032
0.560231
0.560267
0.560137
0.559991
0.559993
0.56003
0.560022
0.560011
0.559999
0.560062
0.56007
0.560059
0.560118
0.560135
0.560191
0.560263
0.56029
0.560249
0.560179
0.560303
0.560308
0.560237
0.56021
0.560159
0.560172
0.560126
0.560182
0.560144
0.560197
0.560204
0.560105
0.560134
0.560235
0.56022
0.560225
0.560169
0.560175
0.560244
0.560285
0.560316
0.560344
0.560283
0.560286
0.56029
0.56038
0.56035
0.560357
0.560339
0.5604
0.560391
0.56043
0.560403
0.560325
0.560335
0.560387
0.560388
0.560406
0.560394
0.560499
0.56043
0.560377
0.560315
0.560226
0.560244
0.560316
0.560398
0.560412
0.56042
0.560566
0.560487
0.560505
0.560454
0.560503
0.560563
0.56063
0.560597
0.560643
0.560594
0.560606
0.560568
0.560589
0.560655
0.560714
0.560758
0.560725
0.560724
0.560721
0.560745
0.560599
0.560588
0.560602
0.560578
0.560621
0.560586
0.560592
0.56057
0.560565
0.560619
0.560591
0.560646
0.560545
0.560574
0.560507
0.560507
0.560495
0.560528
0.560552
0.560516
0.560553
0.560563
0.560567
0.560648
0.560665
0.560626
0.560581
0.560522
0.56049
0.560527
0.560511
0.560539
0.560592
0.560594
0.560568
0.560548
0.560552
0.560503
0.560536
0.560576
0.560596
0.560546
0.560569
0.560518
0.560555
0.560612
0.560651
0.560606
0.560595
0.560622
0.560618
0.560579
0.560599
0.560562
0.560608
0.560585
0.560591
0.560555
0.560513
0.560434
0.56046
0.560445
0.560554
0.560556
0.560468
0.560532
0.560544
0.560501
0.560586
0.560614
0.560672
0.560609
0.560615
0.560611
0.560522
0.56053
0.560562
0.560615
0.56065
0.560599
0.560552
0.56056
0.56057
0.560579
0.560612
0.560633
0.560583
0.560635
0.56064
0.56065
0.560627
0.560708
0.560641
0.560673
0.560655
0.560712
0.560654
0.560617
0.560604
0.560631
0.560468
0.560458
0.560492
0.560468
0.560482
0.560501
0.560508
0.560576
0.560602
0.560626
0.560626
0.560666
0.560688
0.560719
0.560721
0.560743
0.560727
0.560754
0.560767
0.560796
0.560807
0.56083
0.56085
0.560827
0.560788
0.560801
0.560846
0.56093
0.560895
0.560973
0.560982
0.561035
0.560998
0.56106
0.561092
0.561016
0.561002
0.560965
0.56092
0.560933
0.56091
0.560946
0.560932
0.560878
0.560894
0.560904
0.560997
0.560995
0.560991
0.560966
0.56089
0.560884
0.560871
0.560975
0.560967
0.560986
0.561005
0.561033
0.560964
0.560967
0.561013
0.561019
0.56098
0.561043
0.561103
0.561097
0.561112
0.561122
0.56114
0.561053
0.561045
0.561037
0.561047
0.561037
0.561038
0.561093
0.561066
0.560976
0.560969
0.560923
0.560884
0.560853
0.560879
0.560892
0.560893
0.560921
0.560889
0.56091
0.560859
0.560903
0.560968
0.561001
0.561032
0.561074
0.561085
0.561115
0.56109
0.561127
0.561173
0.561214
0.561154
0.561181
0.561215
0.561218
0.561218
0.561282
0.561304
0.561358
0.561382
0.56134
0.561335
0.561288
0.561242
0.56126
0.561247
0.561265
0.561326
0.561318
0.561301
0.561279
0.561344
0.561315
0.561273
0.561278
0.561259
0.561237
0.561147
0.561127
0.561163
0.561149
0.561154
0.561164
0.561116
0.561076
0.561038
0.561027
0.561022
0.560991
0.561017
0.56104
0.561024
0.56101
0.560939
0.560987
0.560934
0.560955
0.560974
0.560997
0.561022
0.561054
0.561044
0.561104
0.561057
0.561061
0.560966
0.560998
0.561034
0.561069
0.561073
0.561106
0.561042
0.56106
0.561074
0.560992
0.560994
0.561011
0.561065
0.561029
0.561046
0.561
0.560972
0.560947
0.560917
0.560905
0.560877
0.560863
0.560843
0.560791
0.560799
0.560816
0.560792
0.5608
0.56083
0.560869
0.560872
0.560886
0.560821
0.560839
0.560845
0.56079
0.560826
0.560815
0.560774
0.560772
0.560783
0.560772
0.560816
0.560852
0.560861
0.560857
0.560891
0.560867
0.560872
0.560887
0.560951
0.560977
0.560962
0.560962
0.560977
0.560924
0.560888
0.560875
0.560959
0.560901
0.560918
0.560921
0.560884
0.560896
0.560845
0.560847
0.560798
0.560759
0.560782
0.560771
0.560772
0.560792
0.560798
0.560825
0.560831
0.560848
0.56093
0.560929
0.560892
0.560897
0.560964
0.560941
0.560905
0.560893
0.56095
0.560951
0.560885
0.560877
0.56087
0.560923
0.560851
0.56084
0.560933
0.56092
0.560981
0.560931
0.560955
0.560913
0.560861
0.560871
0.560927
0.560917
0.560956
0.560904
0.560904
0.56092
0.560899
0.560913
0.560866
0.560859
0.560852
0.560795
0.560768
0.560754
0.560794
0.560799
0.560777
0.560826
0.560817
0.560762
0.560697
0.560702
0.560686
0.560683
0.560653
0.560707
0.56075
0.560713
0.560745
0.560781
0.560788
0.560803
0.56077
0.560849
0.560847
0.560849
0.560795
0.560774
0.560697
0.560703
0.560713
0.560746
0.560801
0.560864
0.56078
0.560785
0.560782
0.560778
0.560794
0.560838
0.560793
0.560807
0.560779
0.560795
0.560793
0.560769
0.560785
0.560793
0.560778
0.560778
0.560753
0.560727
0.560735
0.560776
0.560786
0.5608
0.560843
0.560832
0.560835
0.560818
0.560805
0.560798
0.560829
0.560802
0.560826
0.560791
0.560794
0.560811
0.56086
0.560798
0.560796
0.560774
0.560788
0.560768
0.560711
0.560722
0.560747
0.560815
0.560816
0.560825
0.560835
0.560838
0.560853
0.560906
0.560872
0.560852
0.560852
0.560879
0.560906
0.560883
0.560913
0.560891
0.560873
0.560854
0.560847
0.560872
0.56091
0.560924
0.56088
0.560852
0.560877
0.560895
0.56092
0.560913
0.560921
0.560972
0.561018
0.56103
0.561028
0.561024
0.561022
0.560995
0.561048
0.561024
0.561035
0.561036
0.561063
0.561068
0.561104
0.561143
0.561171
0.561183
0.561202
0.561178
0.561199
0.561222
0.561231
0.561235
0.561213
0.561246
0.561249
0.561215
0.561246
0.561253
