0
0.0686275
0.30414
0.368092
0.41112
0.431324
0.452417
0.459646
0.46099
0.463594
0.470659
0.470066
0.474911
0.475677
0.479706
0.479111
0.481159
0.480145
0.478784
0.482048
0.48155
0.483768
0.484807
0.484894
0.484566
0.486208
0.488013
0.488608
0.487697
0.487848
0.488177
0.48952
0.489999
0.491083
0.491164
0.490383
0.491292
0.490561
0.490681
0.49093
0.491363
0.490667
0.490496
0.489669
0.488013
0.488459
0.487971
0.48721
0.487603
0.487625
0.487403
0.48813
0.488106
0.489242
0.488768
0.488619
0.488723
0.489346
0.489496
0.489548
0.490023
0.490074
0.489635
0.489571
0.489261
0.489046
0.489031
0.489226
0.489528
0.489664
0.488464
0.488964
0.489437
0.490573
0.490768
0.490397
0.490507
0.490357
0.490785
0.49064
0.49078
0.490432
0.491353
0.491004
0.491325
0.490689
0.490496
0.490395
0.490045
0.489928
0.49049
0.490524
0.490484
0.490695
0.490718
0.490627
0.490655
0.490479
0.490712
0.490394
0.49122
0.491329
0.491318
0.491334
0.491236
0.491142
0.490786
0.490701
0.490724
0.490609
0.491001
0.49091
0.491035
0.491262
0.491123
0.491166
0.491015
0.491115
0.490865
0.491064
0.490696
0.490793
0.490531
0.490461
0.490694
0.490826
0.491189
0.491105
0.491489
0.491574
0.491252
0.491203
0.491667
0.491527
0.491191
0.491377
0.491346
0.491323
0.491
0.490677
0.491055
0.491257
0.491584
0.491887
0.491917
0.492087
0.492137
0.492268
0.49276
0.492866
0.492538
0.492649
0.492639
0.492762
0.492308
0.492545
0.492554
0.492239
0.492739
0.492931
0.492918
0.492922
0.492584
0.492644
0.492544
0.492285
0.491936
0.491985
0.492136
0.49231
0.492303
0.492258
0.49194
0.491836
0.491727
0.491465
0.491411
0.491444
0.491655
0.491698
0.49153
0.491795
0.491527
0.491882
0.491843
0.491932
0.491927
0.491835
0.491791
0.492018
0.491904
0.491934
0.492205
0.492489
0.492693
0.492929
0.492468
0.492563
0.492858
0.492997
0.492691
0.492903
0.493021
0.49335
0.493031
0.493045
0.493163
0.493006
0.492878
0.492711
0.492976
0.492742
0.492919
0.493051
0.492777
0.492752
0.492798
0.492803
0.492972
0.493126
0.493084
0.493196
0.493169
0.492929
0.492974
0.492816
0.492622
0.492656
0.492761
0.492683
0.492517
0.492183
0.492135
0.492166
0.492297
0.492292
0.49236
0.492606
0.49247
0.492436
0.492592
0.492672
0.492864
0.492766
0.492696
0.492944
0.493033
0.493048
0.49293
0.492713
0.492728
0.492552
0.492487
0.492418
0.492528
0.492432
0.49277
0.49276
0.492539
0.49259
0.492697
0.492458
0.492404
0.492513
0.492529
0.492704
0.492616
0.492802
0.492736
0.492545
0.492606
0.492629
0.492597
0.492609
0.492546
0.492672
0.492631
0.492413
0.492569
0.492638
0.492729
0.492776
0.492673
0.49286
0.492767
0.492771
0.493008
0.492977
0.492908
0.492836
0.492829
0.492768
0.492761
0.492712
0.492673
0.492571
0.492627
0.492703
0.492685
0.492446
0.492403
0.492259
0.492184
0.492218
0.492179
0.492364
0.492368
0.492292
0.492355
0.492262
0.492226
0.492239
0.492194
0.492306
0.492281
0.492231
0.492266
0.492473
0.492524
0.492593
0.492625
0.492428
0.492412
0.492368
0.492326
0.492397
0.4924
0.492329
0.492545
0.492324
0.492336
0.492476
0.492472
0.492446
0.492531
0.492507
0.492537
0.492658
0.492544
0.492657
0.492902
0.492985
0.492996
0.493007
0.492921
0.492948
0.493013
0.493044
0.492817
0.492968
0.493024
0.493182
0.493166
0.493238
0.493293
0.493503
0.493648
0.493675
0.493614
0.493708
0.493605
0.493741
0.493903
0.493791
0.493495
0.493588
0.493537
0.493637
0.493587
0.49362
0.493563
0.493523
0.493605
0.493515
0.493672
0.493515
0.493558
0.493305
0.493272
0.493287
0.49327
0.493449
0.49353
0.493584
0.493753
0.493696
0.493648
0.493711
0.493648
0.493594
0.493752
0.493816
0.493839
0.49387
0.493884
0.493726
0.493804
0.493814
0.493773
0.493788
0.493972
0.494002
0.493954
0.493839
0.493884
0.493918
0.493993
0.494009
0.494039
0.493955
0.494013
0.494065
0.494082
0.494118
0.494068
0.493939
0.494034
0.49416
0.494212
0.49424
0.49431
0.494441
0.494474
0.494501
0.494536
0.494563
0.49462
0.49461
0.494426
0.494445
0.494465
0.49452
0.494542
0.494527
0.494594
0.49467
0.494668
0.494658
0.494557
0.494673
0.494678
0.49471
0.494518
0.494281
0.494281
0.494293
0.494277
0.49431
0.494236
0.494346
0.494181
0.494254
0.494342
0.494264
0.494256
0.494363
0.494545
0.494536
0.494542
0.494601
0.49466
0.494579
0.494616
0.494646
0.494625
0.494603
0.49468
0.494684
0.494782
0.494726
0.494765
0.494914
0.495036
0.49508
0.495076
0.495158
0.495278
0.495236
0.495238
0.495253
0.495328
0.495229
0.495174
0.495197
0.495129
0.495183
0.495218
0.495266
0.495306
0.495297
0.495382
0.495443
0.495383
0.495317
0.49532
0.495385
0.495389
0.495504
0.495675
0.495528
0.495488
0.495626
0.495555
0.495575
0.495675
0.495593
0.495497
0.495426
0.495502
0.495431
0.495373
0.49537
0.495391
0.495447
0.495468
0.495542
0.495383
0.49532
0.495305
0.495243
0.495187
0.495154
0.495146
0.495184
0.495216
0.495248
0.495262
0.495301
0.495257
0.495312
0.495321
0.495301
0.495304
0.495221
0.495086
0.495166
0.495146
0.49514
0.495069
0.495134
0.495097
0.495209
0.495131
0.495112
0.495127
0.495017
0.494991
0.494988
0.495025
0.49505
0.495104
0.495046
0.495112
0.495159
0.495183
0.495263
0.495228
0.495269
0.495337
0.495334
0.495259
0.495296
0.495255
0.495143
0.495168
0.495198
0.495216
0.495236
0.495256
0.495367
0.495441
0.49546
0.495462
0.495372
0.495558
0.495571
0.495665
0.495704
0.495695
0.495664
0.495714
0.495753
0.495755
0.4958
0.495722
0.495755
0.495795
0.495743
0.495639
0.495683
0.49559
0.49553
0.495434
0.495503
0.495526
0.495465
0.495446
0.495475
0.495481
0.495504
0.495392
0.49537
0.495332
0.495278
0.495224
0.495166
0.495129
0.495253
0.495235
0.495274
0.495195
0.495208
0.495103
0.495151
0.495234
0.495207
0.495275
0.495252
0.495184
0.495197
0.495325
0.495272
0.495255
0.495303
0.495296
0.495225
0.495182
0.495258
0.495202
0.495165
0.495124
0.495118
0.495179
0.495196
0.495203
0.495133
0.495174
0.495117
0.495033
0.495001
0.49493
0.494919
0.494902
0.494924
0.494951
0.49503
0.495032
0.495063
0.495101
0.495046
0.495011
0.494932
0.494974
0.494957
0.495037
0.494944
0.494909
0.494927
0.49502
0.49498
0.495105
0.49505
0.495171
0.495154
0.495241
0.495229
0.495204
0.495261
0.495324
0.495271
0.495254
0.495196
0.495226
0.495229
0.495283
0.495281
0.495224
0.49512
0.495183
0.495181
0.495229
0.495204
0.495093
0.495073
0.495117
0.495192
0.495122
0.495188
0.495245
0.495212
0.495317
0.495325
0.495403
0.495437
0.495327
0.495324
0.49525
0.495167
0.495191
0.495291
0.495307
0.495282
0.495271
0.49533
0.495354
0.495417
0.495499
0.495528
0.49556
0.495532
0.495561
0.49558
0.495521
0.495527
0.495498
0.495501
0.495507
0.495475
0.495443
0.495428
0.495543
0.495467
0.49535
0.495339
0.495268
0.495239
0.495185
0.495128
0.495126
0.495162
0.495117
0.495171
0.495216
0.495282
0.495326
0.495269
0.495254
0.49537
0.495435
0.495525
0.495528
0.495529
0.495472
0.495478
0.495522
0.495553
0.495467
0.495389
0.49542
0.495376
0.495374
0.495356
0.495337
0.4954
0.495353
0.495366
0.495274
0.495293
0.495273
0.495209
0.495261
0.495283
0.495302
0.495271
0.495375
0.495385
0.495408
0.495353
0.495412
0.495435
0.495368
0.49539
0.495355
0.495405
0.495495
0.495484
0.495495
0.495564
0.495566
0.495575
0.495525
0.495543
0.495508
0.495574
0.495464
0.49543
0.495491
0.495458
0.495535
0.495529
0.495613
0.495584
0.495594
0.495569
0.495535
0.495509
0.495496
0.495458
0.495452
0.495469
0.495502
0.495604
0.495567
0.495576
0.495635
0.495625
0.495537
0.495547
0.495483
0.495438
0.495397
0.495485
0.495528
0.495491
0.495507
0.495459
0.495579
0.49558
0.495529
0.495515
0.495459
0.495389
0.495375
0.495298
0.495292
0.495248
0.495265
0.49532
0.495292
0.495255
0.495268
0.495296
0.495354
0.495356
0.495368
0.49536
0.495324
0.495397
0.495391
0.495412
0.495314
0.4953
0.495309
0.495315
0.495336
0.495333
0.495347
0.495342
0.495329
0.495353
0.495318
0.495266
0.49526
0.49528
0.495296
0.495374
0.495368
0.495374
0.495376
0.495334
0.495314
0.495344
0.495262
0.495264
0.495305
0.495282
0.495262
0.495275
0.495194
0.495232
0.495277
0.49535
0.495359
0.495364
0.495402
0.495399
0.495407
0.495405
0.495346
0.495302
0.495364
0.495352
0.495311
0.495242
0.495163
0.495056
0.495054
0.495073
0.495076
0.495037
0.495077
0.494996
0.494935
0.494955
0.494873
0.494834
0.494816
0.494839
0.494855
0.494885
0.494932
0.494966
0.495003
0.494966
0.49493
0.494929
0.494924
0.494954
0.494966
0.49491
0.494908
0.494883
0.494866
0.494882
0.494877
0.494893
0.49497
0.494989
0.494964
0.495003
0.494965
0.495004
0.495049
0.495071
0.495063
0.495062
0.49504
0.495042
0.49496
0.495006
0.494974
0.494977
0.494985
0.495001
0.494991
0.495049
0.495027
0.494989
0.494975
0.495037
0.495112
0.49517
0.495142
0.495087
0.495044
0.495088
0.495146
0.495167
0.495218
0.495164
0.495165
0.49519
0.495168
0.495128
0.495113
0.495109
0.495167
0.495204
0.495134
0.495061
0.495028
0.49502
0.495016
0.494951
0.494918
0.494887
0.494827
0.49481
0.494835
0.494872
0.494919
0.495017
0.495019
0.494967
0.494991
0.494964
0.494899
0.494907
0.494865
0.49481
0.494818
0.494807
0.494749
0.494649
0.494566
0.494549
0.494579
0.494562
0.494583
0.494586
0.494579
0.494518
0.494606
0.494655
0.494701
0.494744
0.494752
0.494743
0.494726
0.494759
0.494783
