0.806641
0.817922
0.819216
0.821924
0.823484
0.823325
0.819734
0.819938
0.822771
0.819111
0.804247
0.791594
0.782044
0.775657
0.766111
0.759471
0.752415
0.746961
0.741881
0.738795
0.730179
0.722399
0.713957
0.705344
0.699765
0.693528
0.68761
0.682798
0.678653
0.674367
0.668988
0.662937
0.656243
0.650978
0.644954
0.63971
0.634101
0.629641
0.625661
0.620541
0.615168
0.609575
0.604389
0.598997
0.594227
0.589639
0.585687
0.581945
0.578905
0.575324
0.571365
0.567043
0.562887
0.559077
0.555544
0.551572
0.547824
0.544406
0.541045
0.5376
0.534572
0.531852
0.529156
0.526191
0.52322
0.520845
0.518296
0.516187
0.513298
0.511253
0.50931
0.507832
0.50647
0.50466
0.503224
0.501491
0.5
0.498438
0.496712
0.495321
0.494423
0.49345
0.492743
0.492145
0.49119
0.49012
0.48953
0.488884
0.488031
0.487331
0.487937
0.488316
0.488374
0.48866
0.488774
0.488586
0.488988
0.489309
0.489318
0.48936
0.489985
0.490261
0.490616
0.491141
0.491639
0.491896
0.49228
0.492629
0.49318
0.493397
0.493704
0.493668
0.493649
0.493847
0.494057
0.494295
0.494215
0.494531
0.494783
0.494771
0.494875
0.495033
0.49495
0.494854
0.494915
0.494923
0.495095
0.495208
0.49556
0.495696
0.495996
0.496227
0.496263
0.496348
0.496167
0.496091
0.496162
0.496162
0.496196
0.496304
0.496041
0.496122
0.496479
0.496989
0.497127
0.497165
0.496946
0.497209
0.497297
0.497415
0.497388
0.497368
0.497558
0.497629
0.497766
0.497792
0.497968
0.498244
0.498237
0.498443
0.49853
0.498766
0.498681
0.49877
0.498915
0.499138
0.499404
0.499352
0.499288
0.499499
0.499441
0.499554
0.499655
0.49975
0.499897
0.499978
0.500086
0.500117
0.500127
0.500237
0.500675
0.500958
0.501076
0.50122
0.501382
0.501492
0.501692
0.501925
0.501899
0.502054
0.502003
0.502086
0.502233
0.502505
0.502502
0.502436
0.502385
0.502592
0.502684
0.502761
0.502973
0.503058
0.503034
0.503038
0.503105
0.503247
0.503163
0.503253
0.503247
0.50324
0.503427
0.503468
0.503372
0.503414
0.503521
0.503628
0.503805
0.503805
0.503847
0.503882
0.504186
0.504146
0.504365
0.504425
0.504566
0.50462
0.504704
0.504804
0.504961
0.505167
0.505201
0.505294
0.50543
0.505444
0.505393
0.50549
0.50558
0.505811
0.50598
0.505995
0.506048
0.506161
0.506144
0.506242
0.506379
0.506501
0.506478
0.506747
0.5068
0.506875
0.506743
0.506922
0.507082
0.506965
0.507195
0.507204
0.50732
0.507329
0.507471
0.507476
0.507442
0.50752
0.507696
0.507911
0.508035
0.508138
0.508257
0.508162
0.50818
0.508237
0.508221
0.508302
0.508095
0.508228
0.508343
0.508595
0.508721
0.508758
0.508906
0.509092
0.509112
0.509128
0.509204
0.509322
0.509396
0.509332
0.509479
0.509488
0.50968
0.509739
0.509876
0.509957
0.510028
0.510192
0.510254
0.510229
0.510264
0.510386
0.510588
0.510619
0.51075
0.510796
0.510726
0.510788
0.510893
0.510938
0.510949
0.510969
0.511066
0.511155
0.511188
0.51126
0.511305
0.511359
0.511381
0.511396
0.51145
0.511469
0.511432
0.511544
0.511613
0.511585
0.511657
0.51168
0.511901
0.511891
0.511875
0.512078
0.512177
0.512232
0.512369
0.512402
0.512528
0.512653
0.512767
0.512955
0.513021
0.513021
0.51301
0.513054
0.513094
0.513098
0.513193
0.513303
0.513341
0.513366
0.513332
0.513387
0.513546
0.513573
0.513652
0.513699
0.51374
0.513838
0.51385
0.513962
0.514145
0.514297
0.514307
0.514317
0.514363
0.514441
0.514487
0.514538
0.514666
0.514778
0.514848
0.514903
0.514806
0.514795
0.514943
0.514993
0.515022
0.515065
0.515039
0.515127
0.515122
0.515147
0.515248
0.51525
0.515334
0.515333
0.515402
0.515541
0.515493
0.515554
0.515661
0.515689
0.515727
0.515788
0.515832
0.515789
0.515806
0.515868
0.51605
0.516176
0.516221
0.516336
0.516423
0.516526
0.516628
0.516672
0.516742
0.516842
0.51681
0.516851
0.516879
0.516887
0.51698
0.516921
0.517017
0.517018
0.517075
0.517056
0.517113
0.517125
0.51717
0.517263
0.517379
0.5174
0.51735
0.517371
0.517436
0.517509
0.517524
0.51762
0.517602
0.517566
0.517514
0.517634
0.517673
0.517679
0.517694
0.517727
0.517785
0.517859
0.517916
0.517948
0.518053
0.518134
0.518254
0.51829
0.518333
0.51831
0.518326
0.518303
0.518311
0.518342
0.518313
0.51832
0.518353
0.518372
0.518352
0.518381
0.518422
0.518431
0.518508
0.518503
0.518551
0.518536
0.518608
0.518641
0.518678
0.51872
0.518747
0.518856
0.518813
0.518765
0.518741
0.518746
0.51875
0.518718
0.518729
0.518702
0.518741
0.518809
0.518848
0.51892
0.518891
0.518874
0.518798
0.518853
0.518884
0.518928
0.518928
0.518975
0.519027
0.519049
0.519118
0.519154
0.519205
0.519176
0.519199
0.519186
0.519223
0.519268
0.519302
0.519377
0.519405
0.519327
0.519333
0.519357
0.519394
0.519454
0.519583
0.519619
0.519699
0.519708
0.519688
0.519661
0.519649
0.519692
0.519667
0.519691
0.519736
0.519722
0.519738
0.519765
0.519797
0.519806
0.51981
0.519876
0.519862
0.519875
0.519921
0.519968
0.520013
0.519965
0.52001
0.520025
0.519953
0.519993
0.520078
0.520107
0.520122
0.520038
0.52007
0.520093
0.520072
0.520117
0.520056
0.52006
0.520092
0.52014
0.520113
0.520039
0.520002
0.520037
0.520066
0.520075
0.520045
0.52013
0.520113
0.520093
0.520114
0.52008
0.520114
0.520147
0.520193
0.52023
0.520285
0.520292
0.520313
0.520289
0.52032
0.520345
0.520306
0.520331
0.520302
0.520331
0.52039
0.520441
0.520443
0.520451
0.520483
0.520556
0.520516
0.520523
0.520485
0.520553
0.520582
0.520582
0.520602
0.520656
0.520706
0.520702
0.520663
0.520699
0.520716
0.520651
0.520702
0.520666
0.520723
0.520746
0.520811
0.520826
0.520838
0.520859
0.520853
0.52093
0.520935
0.520922
0.520963
0.520935
0.520948
0.520973
0.521041
0.52103
0.521066
0.521054
0.521058
0.520967
0.520951
0.520893
0.520861
0.520808
0.520768
0.520783
0.520755
0.520692
0.520709
0.520721
0.520705
0.520723
0.520694
0.520713
0.52076
0.520784
0.520822
0.520797
0.520812
0.520825
0.520821
0.520847
0.52086
0.520824
0.520791
0.52081
0.520799
0.520826
0.520809
0.5208
0.520812
0.520831
0.520866
0.520906
0.520924
0.520933
0.520979
0.520956
0.520948
0.520965
0.521009
0.520996
0.520954
0.520983
0.521062
0.521085
0.521071
0.521064
0.521064
0.521045
0.521044
0.521098
0.521127
0.521201
0.521244
0.521222
0.521223
0.521236
0.521272
0.521212
0.521202
0.521201
0.521247
0.521273
0.521331
0.521352
0.52138
0.521339
0.521358
0.521392
0.521445
0.521478
0.52155
0.521574
0.521576
0.521605
0.521674
0.521679
0.521728
0.521761
0.521796
0.521796
0.521849
0.521899
0.521906
0.521971
0.521987
0.521961
0.521972
0.522008
0.521992
0.522018
0.522077
0.522101
0.522189
0.52218
0.522199
0.52221
0.522229
0.522258
0.522271
0.52228
0.522293
0.522309
0.522324
0.522358
0.522325
0.522331
0.522396
0.522469
0.522482
0.522513
0.522521
0.522517
0.522547
0.522619
0.522578
0.522625
0.522607
0.522618
0.522627
0.522619
0.522679
0.52269
0.52264
0.522617
0.522604
0.522567
0.522623
0.522655
0.52267
0.522719
0.522687
0.522673
0.522644
0.522688
0.522706
0.522735
0.522733
0.522735
0.522746
0.522728
0.522781
0.522733
0.522752
0.522786
0.52281
0.522814
0.522869
0.52287
0.52286
0.522887
0.522881
0.522871
0.522863
0.522866
0.522896
0.522903
0.522867
0.522884
0.522918
0.522932
0.522982
0.522985
0.523041
0.523048
0.523052
0.523128
0.523126
0.523127
0.523105
0.52314
0.523136
0.523144
0.523127
0.523154
0.523192
0.523204
0.52319
0.523193
0.523185
0.523213
0.523256
0.523221
0.523268
0.523243
0.523194
0.523167
0.523174
0.523218
0.523243
0.523226
0.523234
0.523209
0.523243
0.523255
0.523282
0.52328
0.52333
0.523339
0.52332
0.523364
0.523343
0.523351
0.523314
0.523303
0.52333
0.52335
0.523348
0.523365
0.523387
0.523341
0.523305
0.523304
0.523258
0.523248
0.523213
0.52325
0.523258
0.523324
0.523357
0.523383
0.523453
0.523404
0.523383
0.523404
0.523457
0.523526
0.523513
0.523547
0.523536
0.523551
0.523567
0.523536
0.523541
0.523517
0.523558
0.523585
0.523627
0.52364
0.523697
0.523695
0.523699
0.523701
0.523686
0.523674
0.523634
0.523665
0.52365
0.523631
0.523616
0.523598
0.523682
0.523648
0.523626
0.523629
0.523618
0.523639
0.523619
0.523621
0.523646
0.523661
0.523658
0.523668
0.523662
0.523672
0.523665
0.523717
0.523721
0.523756
0.523755
0.523746
0.523754
0.523735
0.523722
0.52376
0.523793
0.523795
0.523799
0.523797
0.523753
0.523773
0.523779
0.523782
0.523763
0.523758
0.523781
0.523756
0.523813
0.523821
0.523851
0.52388
0.523913
0.523934
0.52396
0.523974
0.523982
0.523942
0.52399
0.524013
0.523999
0.524038
0.524076
0.524077
0.524113
0.524125
0.524184
0.524205
0.524202
0.524201
0.524218
0.524257
0.524262
0.524308
0.524327
0.524329
0.524313
0.5243
0.524258
0.524257
0.524258
0.524291
0.524262
0.524312
0.524277
0.52429
0.524267
0.524307
0.524341
0.52439
0.52438
0.524384
0.524372
0.524345
0.524377
0.524347
0.524332
0.524353
0.524346
0.524352
0.524358
0.524344
0.52433
0.524274
0.524264
0.524245
0.524217
0.524274
0.524272
0.524304
0.524295
0.524327
0.524358
0.524366
0.524391
0.524391
0.524394
0.524435
0.524417
0.524371
0.524349
0.524364
0.524362
0.524357
0.524369
0.524396
0.524391
0.524368
0.524374
0.524329
0.524358
0.524316
0.524301
0.524309
0.524337
0.524355
0.524367
0.524344
