-13.4000000000000003552714	3.2000000000000001776357	-61.836876	-61.836876	0.000000	1.000000
-13.4000000000000003552714	3.2000000000000001776357	-61.836876	-61.836876	0.299000	1.000000
-13.4000000000000003552714	3.2000000000000001776357	-61.836876	-61.836876	0.299000	1.000000
-13.5686818381440268410643	3.2000000000000001776357	-56.153301	-56.153301	0.299000	1.000000
-13.5686818381440268410643	3.2000000000000001776357	-56.153301	-56.153301	0.299000	1.000000
-13.5686818381440268410643	2.9047535974681188974955	-56.034247	-56.034247	0.299000	1.000000
-13.5686818381440268410643	2.9047535974681188974955	-56.034247	-56.034247	0.299000	1.000000
-13.5686818381440268410643	2.9047535974681188974955	-56.034247	-56.034247	0.299000	1.000000
-13.4658138576096533256532	2.9047535974681188974955	-55.990319	-55.990319	0.299000	1.000000
-13.4658138576096533256532	2.8404089203062339308303	-55.012017	-55.012017	0.299000	1.000000
-13.4658138576096533256532	2.8404089203062339308303	-55.012017	-55.012017	0.299000	1.000000
-13.4658138576096533256532	2.8913665650142954532953	-55.633436	-55.633436	0.299000	1.000000
-13.4961083842110571850981	2.8406823808191394853395	-54.155429	-54.155429	0.299000	1.000000
-13.4445594543833735201588	2.8406823808191394853395	-55.850906	-55.850906	0.299000	1.000000
-13.4445594543833735201588	2.8406823808191394853395	-55.850906	-55.850906	0.299000	1.000000
-13.4445594543833735201588	2.8406823808191394853395	-55.850906	-55.850906	0.299000	1.000000
-13.4694353934693502594655	2.8265053558566091140847	-54.954724	-54.954724	0.299000	1.000000
-13.4694353934693502594655	2.8265053558566091140847	-54.954724	-54.954724	0.299000	1.000000
-13.4694353934693502594655	2.8265053558566091140847	-54.954724	-54.954724	0.299000	1.000000
-13.4694353934693502594655	2.8265053558566091140847	-54.954724	-54.954724	0.299000	1.000000
-13.4694353934693502594655	2.8265053558566091140847	-54.954724	-54.954724	0.299000	1.000000
-13.4694353934693502594655	2.8265053558566091140847	-54.954724	-54.954724	0.299000	1.000000
-13.4694353934693502594655	2.8476776850769645044181	-54.884464	-54.884464	0.299000	1.000000
-13.4694353934693502594655	2.8708848207674431129988	-55.056369	-55.056369	0.299000	1.000000
-13.4694353934693502594655	2.8708848207674431129988	-55.056369	-55.056369	0.299000	1.000000
-13.4605602221358449099853	2.8461847192610210122155	-55.266141	-55.266141	0.299000	1.000000
-13.4605602221358449099853	2.8461847192610210122155	-55.266141	-55.266141	0.299000	1.000000
-13.4605602221358449099853	2.8461847192610210122155	-55.266141	-55.266141	0.299000	1.000000
-13.4605602221358449099853	2.8597572413488823173111	-55.341049	-55.341049	0.299000	1.000000
-13.4605602221358449099853	2.8188211009892563119195	-55.202982	-55.202982	0.299000	1.000000
-13.4605602221358449099853	2.8188211009892563119195	-55.202982	-55.202982	0.299000	1.000000
-13.4605602221358449099853	2.9924437426503232018149	-56.410854	-56.410854	0.299000	1.000000
-13.4605602221358449099853	2.9924437426503232018149	-56.410854	-56.410854	0.299000	1.000000
-13.4605602221358449099853	2.6867474992948627843248	-54.374830	-54.374830	0.299000	1.000000
-13.4608219470579069110272	2.6867474992948627843248	-54.385845	-54.385845	0.299000	1.000000
-13.4608219470579069110272	2.6867474992948627843248	-54.385845	-54.385845	0.299000	1.000000
-13.4608219470579069110272	2.7746016256125294319190	-54.694047	-54.694047	0.299000	1.000000
-13.4608219470579069110272	2.7746016256125294319190	-54.694047	-54.694047	0.299000	1.000000
-13.4608219470579069110272	2.7746016256125294319190	-54.694047	-54.694047	0.299000	1.000000
-13.4739922699582006515584	2.8144179033760821084797	-54.888101	-54.888101	0.299000	1.000000
-13.4739922699582006515584	2.8144179033760821084797	-54.888101	-54.888101	0.299000	1.000000
-13.4739922699582006515584	2.8144179033760821084797	-54.888101	-54.888101	0.299000	1.000000
-13.4739922699582006515584	2.6970283369101570869475	-54.359804	-54.359804	0.299000	1.000000
-13.4739922699582006515584	2.6970283369101570869475	-54.359804	-54.359804	0.299000	1.000000
-13.4724412424005990374098	2.6970283369101570869475	-54.340009	-54.340009	0.299000	1.000000
-13.4724412424005990374098	2.6970283369101570869475	-54.340009	-54.340009	0.299000	1.000000
-13.4724412424005990374098	2.6970283369101570869475	-54.340009	-54.340009	0.299000	1.000000
-13.4724412424005990374098	2.6970283369101570869475	-54.340009	-54.340009	0.299000	1.000000
-13.4724412424005990374098	2.6970283369101570869475	-54.340009	-54.340009	0.299000	1.000000
-13.4724412424005990374098	2.6970283369101570869475	-54.340009	-54.340009	0.299000	1.000000
-13.4724412424005990374098	2.6970283369101570869475	-54.340009	-54.340009	0.299000	1.000000
-13.4549728975157592003598	2.7477057531749560226331	-54.231182	-54.231182	0.299000	1.000000
-13.4549728975157592003598	2.7477057531749560226331	-54.231182	-54.231182	0.299000	1.000000
-13.4549728975157592003598	2.7988718901765241575674	-55.505966	-55.505966	0.299000	1.000000
-13.4218493345593579135766	2.7988718901765241575674	-56.521989	-56.521989	0.299000	1.000000
-13.4218493345593579135766	2.7988718901765241575674	-56.521989	-56.521989	0.299000	1.000000
-13.4218493345593579135766	2.7458117851383856411474	-56.511962	-56.511962	0.299000	1.000000
-13.4218493345593579135766	2.7458117851383856411474	-56.511962	-56.511962	0.299000	1.000000
-13.4218493345593579135766	2.7458117851383856411474	-56.511962	-56.511962	0.299000	1.000000
-13.4218493345593579135766	2.7458117851383856411474	-56.511962	-56.511962	0.299000	1.000000
-13.4218493345593579135766	2.7458117851383856411474	-56.511962	-56.511962	0.299000	1.000000
-13.3351526240354125718568	2.7458117851383856411474	-58.491599	-58.491599	0.299000	1.000000
-13.3351526240354125718568	2.7458117851383856411474	-58.491599	-58.491599	0.299000	1.000000
-13.3351526240354125718568	2.7458117851383856411474	-58.491599	-58.491599	0.299000	1.000000
-13.3351526240354125718568	2.7316433113629150497559	-58.558939	-58.558939	0.299000	1.000000
-13.3351526240354125718568	2.7316433113629150497559	-58.558939	-58.558939	0.299000	1.000000
-13.3351526240354125718568	2.7316433113629150497559	-58.558939	-58.558939	0.299000	1.000000
-13.5401849509481611022466	2.7316433113629150497559	-56.380993	-56.380993	0.299000	1.000000
-13.5401849509481611022466	2.7079299783093295772574	-56.902445	-56.902445	0.299000	1.000000
-13.5401849509481611022466	3.0080745619904187826421	-55.750973	-55.750973	0.299000	1.000000
-13.5401849509481611022466	2.7702986329119014818900	-55.453704	-55.453704	0.299000	1.000000
-13.5401849509481611022466	2.7610443483402526965165	-55.634581	-55.634581	0.299000	1.000000
-13.5401849509481611022466	2.7610443483402526965165	-55.634581	-55.634581	0.299000	1.000000
-13.5255404910634791093571	2.7610443483402526965165	-54.798302	-54.798302	0.299000	1.000000
-13.5255404910634791093571	2.9002684061484083066773	-53.951020	-53.951020	0.299000	1.000000
-13.5255404910634791093571	2.9002684061484083066773	-53.951020	-53.951020	0.299000	1.000000
-13.5209951088137589891858	2.9002684061484083066773	-53.894979	-53.894979	0.299000	1.000000
-13.5209951088137589891858	2.9002684061484083066773	-53.894979	-53.894979	0.299000	1.000000
-13.5209951088137589891858	2.9002684061484083066773	-53.894979	-53.894979	0.299000	1.000000
-13.5209951088137589891858	2.9002684061484083066773	-53.894979	-53.894979	0.299000	1.000000
-13.5209951088137589891858	2.9002684061484083066773	-53.894979	-53.894979	0.299000	1.000000
-13.5209951088137589891858	2.9002684061484083066773	-53.894979	-53.894979	0.299000	1.000000
-13.5209951088137589891858	2.9002684061484083066773	-53.894979	-53.894979	0.299000	1.000000
-13.5209951088137589891858	2.9002684061484083066773	-53.894979	-53.894979	0.299000	1.000000
-13.5209951088137589891858	2.9002684061484083066773	-53.894979	-53.894979	0.299000	1.000000
-13.5209951088137589891858	2.9002684061484083066773	-53.894979	-53.894979	0.299000	1.000000
-13.5209951088137589891858	2.8615342682933140316948	-53.538534	-53.538534	0.299000	1.000000
-13.5107418694335272846274	2.8596124133060776273396	-53.872608	-53.872608	0.299000	1.000000
-13.5107418694335272846274	2.7916996018017874447992	-53.643421	-53.643421	0.299000	1.000000
-13.5107418694335272846274	2.7916996018017874447992	-53.643421	-53.643421	0.299000	1.000000
-13.5107418694335272846274	2.7916996018017874447992	-53.643421	-53.643421	0.299000	1.000000
-13.5107418694335272846274	2.8370009682638555048584	-53.315175	-53.315175	0.299000	1.000000
-13.5036983268850310224707	2.8820125062573063168259	-54.040340	-54.040340	0.299000	1.000000
-13.5036983268850310224707	2.8820125062573063168259	-54.040340	-54.040340	0.299000	1.000000
-13.5036983268850310224707	2.8820125062573063168259	-54.040340	-54.040340	0.299000	1.000000
-13.5036983268850310224707	2.8424345445227556794521	-53.731488	-53.731488	0.299000	1.000000
-13.5036983268850310224707	2.8424345445227556794521	-53.731488	-53.731488	0.299000	1.000000
-13.5036983268850310224707	2.8424345445227556794521	-53.731488	-53.731488	0.299000	1.000000
-13.5036983268850310224707	2.8424345445227556794521	-53.731488	-53.731488	0.299000	1.000000
-13.5036983268850310224707	2.8360396563655454471586	-53.506423	-53.506423	0.299000	1.000000
-13.5036983268850310224707	2.8360396563655454471586	-53.506423	-53.506423	0.299000	1.000000
-13.5036983268850310224707	2.8360396563655454471586	-53.506423	-53.506423	0.299000	1.000000
-13.5036983268850310224707	2.8360396563655454471586	-53.506423	-53.506423	0.299000	1.000000
-13.5036983268850310224707	2.8360396563655454471586	-53.506423	-53.506423	0.299000	1.000000
-13.5036983268850310224707	2.8360396563655454471586	-53.506423	-53.506423	0.299000	1.000000
-13.5036983268850310224707	2.8360396563655454471586	-53.506423	-53.506423	0.299000	1.000000
-13.4576962789068801384929	2.7223233509362407822607	-53.689379	-53.689379	0.299000	1.000000
-13.4576962789068801384929	2.7223233509362407822607	-53.689379	-53.689379	0.299000	1.000000
-13.4576962789068801384929	2.7223233509362407822607	-53.689379	-53.689379	0.299000	1.000000
-13.4576962789068801384929	2.7223233509362407822607	-53.689379	-53.689379	0.299000	1.000000
-13.4576962789068801384929	2.7223233509362407822607	-53.689379	-53.689379	0.299000	1.000000
-13.4576962789068801384929	2.7223233509362407822607	-53.689379	-53.689379	0.299000	1.000000
-13.4576962789068801384929	2.7223233509362407822607	-53.689379	-53.689379	0.299000	1.000000
-13.4576962789068801384929	2.7032794395447901081297	-53.840323	-53.840323	0.299000	1.000000
-13.4576962789068801384929	2.7032794395447901081297	-53.840323	-53.840323	0.299000	1.000000
-13.4576962789068801384929	2.7032794395447901081297	-53.840323	-53.840323	0.299000	1.000000
-13.4576962789068801384929	2.7032794395447901081297	-53.840323	-53.840323	0.299000	1.000000
-13.4576962789068801384929	2.7032794395447901081297	-53.840323	-53.840323	0.299000	1.000000
-13.4576962789068801384929	2.7032794395447901081297	-53.840323	-53.840323	0.299000	1.000000
-13.4576962789068801384929	2.7032794395447901081297	-53.840323	-53.840323	0.299000	1.000000
-13.4576962789068801384929	2.7032794395447901081297	-53.840323	-53.840323	0.299000	1.000000
-13.4576962789068801384929	2.7032794395447901081297	-53.840323	-53.840323	0.299000	1.000000
-13.4576962789068801384929	2.7032794395447901081297	-53.840323	-53.840323	0.299000	1.000000
-13.4576962789068801384929	2.7032794395447901081297	-53.840323	-53.840323	0.299000	1.000000
-13.4576962789068801384929	2.7032794395447901081297	-53.840323	-53.840323	0.299000	1.000000
-13.4576962789068801384929	2.7032794395447901081297	-53.840323	-53.840323	0.299000	1.000000
-13.4576962789068801384929	2.7032794395447901081297	-53.840323	-53.840323	0.299000	1.000000
-13.4576962789068801384929	2.7032794395447901081297	-53.840323	-53.840323	0.299000	1.000000
-13.4576962789068801384929	2.7032794395447901081297	-53.840323	-53.840323	0.299000	1.000000
-13.4576962789068801384929	2.7032794395447901081297	-53.840323	-53.840323	0.299000	1.000000
-13.4576962789068801384929	2.7032794395447901081297	-53.840323	-53.840323	0.299000	1.000000
-13.4576962789068801384929	2.7032794395447901081297	-53.840323	-53.840323	0.299000	1.000000
-13.4576962789068801384929	2.7032794395447901081297	-53.840323	-53.840323	0.299000	1.000000
-13.4576962789068801384929	2.7032794395447901081297	-53.840323	-53.840323	0.299000	1.000000
-13.4941103670401663094935	2.6310222212953728870843	-56.486311	-56.486311	0.299000	1.000000
-13.3765509610648365423913	2.6310222212953728870843	-56.181475	-56.181475	0.299000	1.000000
-13.3765509610648365423913	2.9152533836025003033399	-59.226140	-59.226140	0.299000	1.000000
-13.3765509610648365423913	2.8375366804743555881885	-57.615824	-57.615824	0.299000	1.000000
-13.3765509610648365423913	2.8375366804743555881885	-57.615824	-57.615824	0.299000	1.000000
-13.3765509610648365423913	2.8375366804743555881885	-57.615824	-57.615824	0.299000	1.000000
-13.3765509610648365423913	2.8375366804743555881885	-57.615824	-57.615824	0.299000	1.000000
-13.3765509610648365423913	2.8375366804743555881885	-57.615824	-57.615824	0.299000	1.000000
-13.4514053694575217434704	2.7939677615230271712221	-55.654484	-55.654484	0.299000	1.000000
-13.4514053694575217434704	2.7939677615230271712221	-55.654484	-55.654484	0.299000	1.000000
-13.4514053694575217434704	2.7939677615230271712221	-55.654484	-55.654484	0.299000	1.000000
-13.4514053694575217434704	2.9732021249497404546958	-56.470700	-56.470700	0.299000	1.000000
-13.4514053694575217434704	2.9732021249497404546958	-56.470700	-56.470700	0.299000	1.000000
-13.4514053694575217434704	2.9732021249497404546958	-56.470700	-56.470700	0.299000	1.000000
-13.4514053694575217434704	2.9732021249497404546958	-56.470700	-56.470700	0.299000	1.000000
-13.4514053694575217434704	2.9732021249497404546958	-56.470700	-56.470700	0.299000	1.000000
-13.4514053694575217434704	2.9732021249497404546958	-56.470700	-56.470700	0.299000	1.000000
-13.4257178320863488352188	3.0358495283267235009816	-57.289025	-57.289025	0.299000	1.000000
-13.4257178320863488352188	3.0358495283267235009816	-57.289025	-57.289025	0.299000	1.000000
-13.4257178320863488352188	3.0358495283267235009816	-57.289025	-57.289025	0.299000	1.000000
-13.4549678513380417399503	2.7811410156571945151427	-55.646445	-55.646445	0.299000	1.000000
-13.4549678513380417399503	2.7932477894680305396946	-55.621201	-55.621201	0.299000	1.000000
-13.4549678513380417399503	2.7932477894680305396946	-55.621201	-55.621201	0.299000	1.000000
-13.4549678513380417399503	2.7976240672685350752147	-55.528633	-55.528633	0.299000	1.000000
-13.5027441244055186331252	2.7821578636266610651262	-53.504345	-53.504345	0.299000	1.000000
-13.4995963804043235256813	2.8630526080871803173977	-54.001819	-54.001819	0.299000	1.000000
-13.4995963804043235256813	2.8630526080871803173977	-54.001819	-54.001819	0.299000	1.000000
-13.4995963804043235256813	2.8630526080871803173977	-54.001819	-54.001819	0.299000	1.000000
-13.4695216768196530665591	2.8766574595627933952358	-55.140826	-55.140826	0.299000	1.000000
-13.4695216768196530665591	2.8766574595627933952358	-55.140826	-55.140826	0.299000	1.000000
-13.4695216768196530665591	2.8766574595627933952358	-55.140826	-55.140826	0.299000	1.000000
-13.4639293042586984938680	2.8766574595627933952358	-55.409329	-55.409329	0.299000	1.000000
-13.4639293042586984938680	2.7006831534329349686629	-54.002230	-54.002230	0.299000	1.000000
-13.4639293042586984938680	2.7006831534329349686629	-54.002230	-54.002230	0.299000	1.000000
-13.4639293042586984938680	2.7006831534329349686629	-54.002230	-54.002230	0.299000	1.000000
-13.4639293042586984938680	2.7006831534329349686629	-54.002230	-54.002230	0.299000	1.000000
-13.4639293042586984938680	2.7006831534329349686629	-54.002230	-54.002230	0.299000	1.000000
-13.4639293042586984938680	2.7006831534329349686629	-54.002230	-54.002230	0.299000	1.000000
-13.4639293042586984938680	2.7006831534329349686629	-54.002230	-54.002230	0.299000	1.000000
-13.4639293042586984938680	2.7006831534329349686629	-54.002230	-54.002230	0.299000	1.000000
-13.4639293042586984938680	2.7006831534329349686629	-54.002230	-54.002230	0.299000	1.000000
-13.4639293042586984938680	2.7006831534329349686629	-54.002230	-54.002230	0.299000	1.000000
-13.4639293042586984938680	2.7006831534329349686629	-54.002230	-54.002230	0.299000	1.000000
-13.4639293042586984938680	2.7006831534329349686629	-54.002230	-54.002230	0.299000	1.000000
-13.4639293042586984938680	2.7006831534329349686629	-54.002230	-54.002230	0.299000	1.000000
-13.4953566139051908123747	2.7061372718892955369085	-54.716672	-54.716672	0.299000	1.000000
-13.4953566139051908123747	2.7061372718892955369085	-54.716672	-54.716672	0.299000	1.000000
-13.4792568216479438092392	2.7061372718892955369085	-54.223144	-54.223144	0.299000	1.000000
-13.4792568216479438092392	2.7061372718892955369085	-54.223144	-54.223144	0.299000	1.000000
-13.4792568216479438092392	2.7061372718892955369085	-54.223144	-54.223144	0.299000	1.000000
-13.4792568216479438092392	2.7061372718892955369085	-54.223144	-54.223144	0.299000	1.000000
-13.4792568216479438092392	2.7061372718892955369085	-54.223144	-54.223144	0.299000	1.000000
-13.4792568216479438092392	2.7061372718892955369085	-54.223144	-54.223144	0.299000	1.000000
-13.4590289371465061663002	2.7475952764655202642530	-53.852090	-53.852090	0.299000	1.000000
-13.4590289371465061663002	2.7997720358522091288478	-55.448685	-55.448685	0.299000	1.000000
-13.4590289371465061663002	2.8040607126495045164916	-55.365091	-55.365091	0.299000	1.000000
-13.4590289371465061663002	2.8040607126495045164916	-55.365091	-55.365091	0.299000	1.000000
-13.4590289371465061663002	2.7461695891087103404971	-53.821713	-53.821713	0.299000	1.000000
-13.4509790490974978638405	2.6685815371959975550453	-54.593306	-54.593306	0.299000	1.000000
-13.4509790490974978638405	2.7382502697948059022792	-54.321817	-54.321817	0.299000	1.000000
-13.4509790490974978638405	2.7382502697948059022792	-54.321817	-54.321817	0.299000	1.000000
-13.4509790490974978638405	2.7382502697948059022792	-54.321817	-54.321817	0.299000	1.000000
-13.4509790490974978638405	2.6877386013618078663967	-54.136041	-54.136041	0.299000	1.000000
-13.4509790490974978638405	2.6877386013618078663967	-54.136041	-54.136041	0.299000	1.000000
-13.4509790490974978638405	2.6877386013618078663967	-54.136041	-54.136041	0.299000	1.000000
-13.4509790490974978638405	2.6877386013618078663967	-54.136041	-54.136041	0.299000	1.000000
-13.4509790490974978638405	2.6877386013618078663967	-54.136041	-54.136041	0.299000	1.000000
-13.4509790490974978638405	2.6877386013618078663967	-54.136041	-54.136041	0.299000	1.000000
-13.4509790490974978638405	2.6877386013618078663967	-54.136041	-54.136041	0.299000	1.000000
-13.4509790490974978638405	2.6877386013618078663967	-54.136041	-54.136041	0.299000	1.000000
-13.4509790490974978638405	2.6877386013618078663967	-54.136041	-54.136041	0.299000	1.000000
-13.5111820193211933371913	2.7432759572750500254301	-54.432785	-54.432785	0.299000	1.000000
-13.5111820193211933371913	2.7432759572750500254301	-54.432785	-54.432785	0.299000	1.000000
-13.5111820193211933371913	2.8183974317491373717814	-53.298897	-53.298897	0.299000	1.000000
-13.5111820193211933371913	2.8183974317491373717814	-53.298897	-53.298897	0.299000	1.000000
-13.5111820193211933371913	2.8183974317491373717814	-53.298897	-53.298897	0.299000	1.000000
-13.5111820193211933371913	2.8183974317491373717814	-53.298897	-53.298897	0.299000	1.000000
-13.5111820193211933371913	2.8183974317491373717814	-53.298897	-53.298897	0.299000	1.000000
-13.5111820193211933371913	2.8183974317491373717814	-53.298897	-53.298897	0.299000	1.000000
-13.5028260625121809823668	2.8183974317491373717814	-53.193273	-53.193273	0.299000	1.000000
-13.5028260625121809823668	2.8183974317491373717814	-53.193273	-53.193273	0.299000	1.000000
-13.5028260625121809823668	2.8183974317491373717814	-53.193273	-53.193273	0.299000	1.000000
-13.5028260625121809823668	2.8183974317491373717814	-53.193273	-53.193273	0.299000	1.000000
-13.5028260625121809823668	2.8183974317491373717814	-53.193273	-53.193273	0.299000	1.000000
-13.4991408195591287011439	2.7267076295127630203297	-54.279377	-54.279377	0.299000	1.000000
-13.4991408195591287011439	2.7267076295127630203297	-54.279377	-54.279377	0.299000	1.000000
-13.4991408195591287011439	2.6672323993151749732533	-55.999432	-55.999432	0.299000	1.000000
-13.4501646301762622925935	2.6672323993151749732533	-54.612252	-54.612252	0.299000	1.000000
-13.4501646301762622925935	2.9649123424806096416262	-56.538053	-56.538053	0.299000	1.000000
-13.4501646301762622925935	2.9649123424806096416262	-56.538053	-56.538053	0.299000	1.000000
-13.4501646301762622925935	2.9649123424806096416262	-56.538053	-56.538053	0.299000	1.000000
-13.4683573693058882270179	2.9055122015034271498735	-55.878659	-55.878659	0.299000	1.000000
-13.4683573693058882270179	2.7264651811038662643227	-53.472297	-53.472297	0.299000	1.000000
-13.4683573693058882270179	2.7264651811038662643227	-53.472297	-53.472297	0.299000	1.000000
-13.4683573693058882270179	2.7264651811038662643227	-53.472297	-53.472297	0.299000	1.000000
-13.4683573693058882270179	2.7264651811038662643227	-53.472297	-53.472297	0.299000	1.000000
-13.4683573693058882270179	2.7264651811038662643227	-53.472297	-53.472297	0.299000	1.000000
-13.4683573693058882270179	2.7264651811038662643227	-53.472297	-53.472297	0.299000	1.000000
-13.4683573693058882270179	2.7796204759188389843416	-54.067010	-54.067010	0.299000	1.000000
-13.4683573693058882270179	2.7796204759188389843416	-54.067010	-54.067010	0.299000	1.000000
-13.4683573693058882270179	2.9065218563362109627235	-55.905446	-55.905446	0.299000	1.000000
-13.4683573693058882270179	2.9065218563362109627235	-55.905446	-55.905446	0.299000	1.000000
-13.4683573693058882270179	2.9065218563362109627235	-55.905446	-55.905446	0.299000	1.000000
-13.5136402660978678369474	2.9065218563362109627235	-54.060238	-54.060238	0.299000	1.000000
-13.5136402660978678369474	2.9065218563362109627235	-54.060238	-54.060238	0.299000	1.000000
-13.5136402660978678369474	2.9065218563362109627235	-54.060238	-54.060238	0.299000	1.000000
-13.5136402660978678369474	2.8094321223017773014874	-53.618417	-53.618417	0.299000	1.000000
-13.4974470403088044889728	2.8094321223017773014874	-53.185098	-53.185098	0.299000	1.000000
-13.4974470403088044889728	2.8094321223017773014874	-53.185098	-53.185098	0.299000	1.000000
-13.4974470403088044889728	2.8094321223017773014874	-53.185098	-53.185098	0.299000	1.000000
-13.4974470403088044889728	2.8094321223017773014874	-53.185098	-53.185098	0.299000	1.000000
-13.4974470403088044889728	2.8094321223017773014874	-53.185098	-53.185098	0.299000	1.000000
-13.4974470403088044889728	2.8094321223017773014874	-53.185098	-53.185098	0.299000	1.000000
-13.4974470403088044889728	2.8094321223017773014874	-53.185098	-53.185098	0.299000	1.000000
-13.4974470403088044889728	2.8094321223017773014874	-53.185098	-53.185098	0.299000	1.000000
-13.4974470403088044889728	2.8094321223017773014874	-53.185098	-53.185098	0.299000	1.000000
-13.5465817910844279481353	2.9041338232698588051051	-54.452879	-54.452879	0.299000	1.000000
-13.5465817910844279481353	2.9041338232698588051051	-54.452879	-54.452879	0.299000	1.000000
-13.5465817910844279481353	2.9041338232698588051051	-54.452879	-54.452879	0.299000	1.000000
-13.5465817910844279481353	2.8968303657300107367689	-54.534547	-54.534547	0.299000	1.000000
-13.5465817910844279481353	2.8968303657300107367689	-54.534547	-54.534547	0.299000	1.000000
-13.5465817910844279481353	2.8968303657300107367689	-54.534547	-54.534547	0.299000	1.000000
-13.5465817910844279481353	2.8968303657300107367689	-54.534547	-54.534547	0.299000	1.000000
-13.5465817910844279481353	2.8968303657300107367689	-54.534547	-54.534547	0.299000	1.000000
-13.5465817910844279481353	2.8968303657300107367689	-54.534547	-54.534547	0.299000	1.000000
-13.5465817910844279481353	2.8968303657300107367689	-54.534547	-54.534547	0.299000	1.000000
-13.5465817910844279481353	2.8968303657300107367689	-54.534547	-54.534547	0.299000	1.000000
-13.5465817910844279481353	2.8698355941667208490742	-54.719446	-54.719446	0.299000	1.000000
-13.5465817910844279481353	2.8698355941667208490742	-54.719446	-54.719446	0.299000	1.000000
-13.5465817910844279481353	2.8440239274231839949891	-54.839788	-54.839788	0.299000	1.000000
-13.4974237343741236827555	2.8440239274231839949891	-54.119896	-54.119896	0.299000	1.000000
-13.4974237343741236827555	2.8440239274231839949891	-54.119896	-54.119896	0.299000	1.000000
-13.4974237343741236827555	2.8532977659200313702570	-54.090955	-54.090955	0.299000	1.000000
-13.4974237343741236827555	2.8196406394226110059265	-53.391703	-53.391703	0.299000	1.000000
-13.4974237343741236827555	2.8196406394226110059265	-53.391703	-53.391703	0.299000	1.000000
-13.4974237343741236827555	2.8196406394226110059265	-53.391703	-53.391703	0.299000	1.000000
-13.4974237343741236827555	2.8196406394226110059265	-53.391703	-53.391703	0.299000	1.000000
-13.4974237343741236827555	2.8196406394226110059265	-53.391703	-53.391703	0.299000	1.000000
-13.4974237343741236827555	2.8196406394226110059265	-53.391703	-53.391703	0.299000	1.000000
-13.4758447273685675327215	2.8196406394226110059265	-54.808035	-54.808035	0.299000	1.000000
-13.4758447273685675327215	2.8196406394226110059265	-54.808035	-54.808035	0.299000	1.000000
-13.4758447273685675327215	2.8196406394226110059265	-54.808035	-54.808035	0.299000	1.000000
-13.4758447273685675327215	2.8196406394226110059265	-54.808035	-54.808035	0.299000	1.000000
-13.4758447273685675327215	2.8196406394226110059265	-54.808035	-54.808035	0.299000	1.000000
-13.4758447273685675327215	2.8196406394226110059265	-54.808035	-54.808035	0.299000	1.000000
-13.4758447273685675327215	2.8646706107317725376049	-54.722656	-54.722656	0.299000	1.000000
-13.4758447273685675327215	2.8236043640617123351433	-54.824334	-54.824334	0.299000	1.000000
-13.4758447273685675327215	2.8236043640617123351433	-54.824334	-54.824334	0.299000	1.000000
-13.4758447273685675327215	2.8236043640617123351433	-54.824334	-54.824334	0.299000	1.000000
-13.4758447273685675327215	2.8236043640617123351433	-54.824334	-54.824334	0.299000	1.000000
-13.4758447273685675327215	2.8236043640617123351433	-54.824334	-54.824334	0.299000	1.000000
-13.4758447273685675327215	2.8236043640617123351433	-54.824334	-54.824334	0.299000	1.000000
-13.4758447273685675327215	2.8236043640617123351433	-54.824334	-54.824334	0.299000	1.000000
-13.4758447273685675327215	2.8236043640617123351433	-54.824334	-54.824334	0.299000	1.000000
-13.4758447273685675327215	2.8236043640617123351433	-54.824334	-54.824334	0.299000	1.000000
-13.4758447273685675327215	2.7646249314913746708555	-53.109063	-53.109063	0.299000	1.000000
-13.4758447273685675327215	2.7646249314913746708555	-53.109063	-53.109063	0.299000	1.000000
-13.4758447273685675327215	2.7701479950716820788159	-53.170827	-53.170827	0.299000	1.000000
-13.4758447273685675327215	2.7701479950716820788159	-53.170827	-53.170827	0.299000	1.000000
-13.4758447273685675327215	2.7701479950716820788159	-53.170827	-53.170827	0.299000	1.000000
-13.4758447273685675327215	2.7701479950716820788159	-53.170827	-53.170827	0.299000	1.000000
-13.4758447273685675327215	2.7701479950716820788159	-53.170827	-53.170827	0.299000	1.000000
-13.4758447273685675327215	2.7701479950716820788159	-53.170827	-53.170827	0.299000	1.000000
-13.4758447273685675327215	2.7701479950716820788159	-53.170827	-53.170827	0.299000	1.000000
-13.4758447273685675327215	2.7545480090081331248086	-53.107786	-53.107786	0.299000	1.000000
-13.4758447273685675327215	2.7545480090081331248086	-53.107786	-53.107786	0.299000	1.000000
-13.4758447273685675327215	2.7545480090081331248086	-53.107786	-53.107786	0.299000	1.000000
-13.4758447273685675327215	2.7545480090081331248086	-53.107786	-53.107786	0.299000	1.000000
-13.4758447273685675327215	2.8605852612911504273541	-54.686605	-54.686605	0.299000	1.000000
-13.4758447273685675327215	2.8605852612911504273541	-54.686605	-54.686605	0.299000	1.000000
-13.4758447273685675327215	2.8605852612911504273541	-54.686605	-54.686605	0.299000	1.000000
-13.4758447273685675327215	2.8605852612911504273541	-54.686605	-54.686605	0.299000	1.000000
-13.4758447273685675327215	2.8605852612911504273541	-54.686605	-54.686605	0.299000	1.000000
-13.4758447273685675327215	2.8605852612911504273541	-54.686605	-54.686605	0.299000	1.000000
-13.4758447273685675327215	2.8605852612911504273541	-54.686605	-54.686605	0.299000	1.000000
-13.4700581653093216516481	2.7758981286608603866739	-53.756370	-53.756370	0.299000	1.000000
-13.4700581653093216516481	2.8176910433121724608441	-55.052316	-55.052316	0.299000	1.000000
-13.5268257209572997368241	2.7733630854380981745066	-54.593480	-54.593480	0.299000	1.000000
-13.4547856223741355563561	2.7733630854380981745066	-55.318300	-55.318300	0.299000	1.000000
-13.4547856223741355563561	2.7733630854380981745066	-55.318300	-55.318300	0.299000	1.000000
-13.4547856223741355563561	2.7733630854380981745066	-55.318300	-55.318300	0.299000	1.000000
-13.4626203094108927160732	2.9519464876128402863742	-56.654665	-56.654665	0.299000	1.000000
-13.4626203094108927160732	2.9519464876128402863742	-56.654665	-56.654665	0.299000	1.000000
-13.5293991073073804898286	2.9406776953048794354117	-54.132837	-54.132837	0.299000	1.000000
-13.5293991073073804898286	2.9406776953048794354117	-54.132837	-54.132837	0.299000	1.000000
-13.5293991073073804898286	2.9406776953048794354117	-54.132837	-54.132837	0.299000	1.000000
-13.5293991073073804898286	2.9406776953048794354117	-54.132837	-54.132837	0.299000	1.000000
-13.5293991073073804898286	2.9406776953048794354117	-54.132837	-54.132837	0.299000	1.000000
-13.5293991073073804898286	2.7491594385404014566632	-55.203452	-55.203452	0.299000	1.000000
-13.5293991073073804898286	2.7732014402679805442631	-54.761567	-54.761567	0.299000	1.000000
-13.5037220448248422854931	2.7675248931839711019620	-53.704130	-53.704130	0.299000	1.000000
-13.5037220448248422854931	2.7675248931839711019620	-53.704130	-53.704130	0.299000	1.000000
-13.5037220448248422854931	2.8063926832449515025303	-53.147846	-53.147846	0.299000	1.000000
-13.5236599049030505881319	2.7860292981662460043424	-54.140833	-54.140833	0.299000	1.000000
-13.4902157366034192165216	2.7915539659687929052723	-53.097067	-53.097067	0.299000	1.000000
-13.4902157366034192165216	2.7915539659687929052723	-53.097067	-53.097067	0.299000	1.000000
-13.5061532761934177671037	2.9836063555459921836643	-55.948630	-55.948630	0.299000	1.000000
-13.4968263496997664674382	2.9836063555459921836643	-56.247091	-56.247091	0.299000	1.000000
-13.4968263496997664674382	2.9787687588218458856204	-56.188033	-56.188033	0.299000	1.000000
-13.4968263496997664674382	2.8410498280981584251492	-54.144692	-54.144692	0.299000	1.000000
-13.4968263496997664674382	2.8410498280981584251492	-54.144692	-54.144692	0.299000	1.000000
-13.4968263496997664674382	2.8410498280981584251492	-54.144692	-54.144692	0.299000	1.000000
-13.4968263496997664674382	2.8410498280981584251492	-54.144692	-54.144692	0.299000	1.000000
-13.4968263496997664674382	2.8410498280981584251492	-54.144692	-54.144692	0.299000	1.000000
-13.4968263496997664674382	2.8410498280981584251492	-54.144692	-54.144692	0.299000	1.000000
-13.4968263496997664674382	2.8410498280981584251492	-54.144692	-54.144692	0.299000	1.000000
-13.4968263496997664674382	2.8410498280981584251492	-54.144692	-54.144692	0.299000	1.000000
-13.4968263496997664674382	2.8454416360723708834257	-54.120985	-54.120985	0.299000	1.000000
-13.4968263496997664674382	2.8454416360723708834257	-54.120985	-54.120985	0.299000	1.000000
-13.4968263496997664674382	2.8454416360723708834257	-54.120985	-54.120985	0.299000	1.000000
-13.4968263496997664674382	2.8454416360723708834257	-54.120985	-54.120985	0.299000	1.000000
-13.4968263496997664674382	2.8877406474657187906985	-54.398774	-54.398774	0.299000	1.000000
-13.4968263496997664674382	2.7777329646540276364419	-53.320479	-53.320479	0.299000	1.000000
-13.4685303075184652499274	2.7777329646540276364419	-53.959981	-53.959981	0.299000	1.000000
-13.4685303075184652499274	2.7777329646540276364419	-53.959981	-53.959981	0.299000	1.000000
-13.4685303075184652499274	2.7777329646540276364419	-53.959981	-53.959981	0.299000	1.000000
-13.4685303075184652499274	2.7583039532519721959147	-53.389679	-53.389679	0.299000	1.000000
-13.4685303075184652499274	2.7116446653296062407890	-53.821554	-53.821554	0.299000	1.000000
-13.4685303075184652499274	2.7116446653296062407890	-53.821554	-53.821554	0.299000	1.000000
-13.4685303075184652499274	2.7116446653296062407890	-53.821554	-53.821554	0.299000	1.000000
-13.4685303075184652499274	2.6797877312158071561043	-54.734963	-54.734963	0.299000	1.000000
-13.4685303075184652499274	2.6797877312158071561043	-54.734963	-54.734963	0.299000	1.000000
-13.4685303075184652499274	2.6797877312158071561043	-54.734963	-54.734963	0.299000	1.000000
-13.4685303075184652499274	2.6797877312158071561043	-54.734963	-54.734963	0.299000	1.000000
-13.3644461390476312345754	2.5600757932221229751235	-55.480293	-55.480293	0.299000	1.000000
-13.3644461390476312345754	2.5600757932221229751235	-55.480293	-55.480293	0.299000	1.000000
-13.3644461390476312345754	2.5600757932221229751235	-55.480293	-55.480293	0.299000	1.000000
-13.3644461390476312345754	2.5600757932221229751235	-55.480293	-55.480293	0.299000	1.000000
-13.3412049102310472648014	2.4901493559121856691263	-55.404851	-55.404851	0.299000	1.000000
-13.3412049102310472648014	2.4901493559121856691263	-55.404851	-55.404851	0.299000	1.000000
-13.3412049102310472648014	2.4901493559121856691263	-55.404851	-55.404851	0.299000	1.000000
-13.3412049102310472648014	2.4901493559121856691263	-55.404851	-55.404851	0.299000	1.000000
-13.3276650613446960846886	2.4822626569600929613557	-54.657831	-54.657831	0.299000	1.000000
-13.3276650613446960846886	2.4822626569600929613557	-54.657831	-54.657831	0.299000	1.000000
-13.3276650613446960846886	2.4822626569600929613557	-54.657831	-54.657831	0.299000	1.000000
-13.3276650613446960846886	2.4822626569600929613557	-54.657831	-54.657831	0.299000	1.000000
-13.3276650613446960846886	2.4822626569600929613557	-54.657831	-54.657831	0.299000	1.000000
-13.3276650613446960846886	2.4822626569600929613557	-54.657831	-54.657831	0.299000	1.000000
-13.2898106409918614900789	2.4822626569600929613557	-55.930621	-55.930621	0.299000	1.000000
-13.2898106409918614900789	2.4822626569600929613557	-55.930621	-55.930621	0.299000	1.000000
-13.2898106409918614900789	2.4822626569600929613557	-55.930621	-55.930621	0.299000	1.000000
-13.2898106409918614900789	2.4822626569600929613557	-55.930621	-55.930621	0.299000	1.000000
-13.2898106409918614900789	2.4822626569600929613557	-55.930621	-55.930621	0.299000	1.000000
-13.2898106409918614900789	2.4822626569600929613557	-55.930621	-55.930621	0.299000	1.000000
-13.3176411410276820390663	2.4325488004832473976080	-55.200277	-55.200277	0.299000	1.000000
-13.3176411410276820390663	2.4325488004832473976080	-55.200277	-55.200277	0.299000	1.000000
-13.3079341031020756958014	2.4325488004832473976080	-54.551068	-54.551068	0.299000	1.000000
-13.2895298511111121797512	2.3995889033246933230714	-54.317165	-54.317165	0.299000	1.000000
-13.2895298511111121797512	2.3995889033246933230714	-54.317165	-54.317165	0.299000	1.000000
-13.2895298511111121797512	2.3995889033246933230714	-54.317165	-54.317165	0.299000	1.000000
-13.2895298511111121797512	2.3995889033246933230714	-54.317165	-54.317165	0.299000	1.000000
-13.2895298511111121797512	2.3995889033246933230714	-54.317165	-54.317165	0.299000	1.000000
-13.2895298511111121797512	2.3995889033246933230714	-54.317165	-54.317165	0.299000	1.000000
-13.2895298511111121797512	2.3995889033246933230714	-54.317165	-54.317165	0.299000	1.000000
-13.2895298511111121797512	2.3995889033246933230714	-54.317165	-54.317165	0.299000	1.000000
-13.2895298511111121797512	2.3995889033246933230714	-54.317165	-54.317165	0.299000	1.000000
-13.2895298511111121797512	2.3995889033246933230714	-54.317165	-54.317165	0.299000	1.000000
-13.2537045279774989836596	2.3551553850451991678483	-54.400026	-54.400026	0.299000	1.000000
-13.2537045279774989836596	2.3551553850451991678483	-54.400026	-54.400026	0.299000	1.000000
-13.2537045279774989836596	2.3551553850451991678483	-54.400026	-54.400026	0.299000	1.000000
-13.2537045279774989836596	2.3669548124265236133112	-54.390342	-54.390342	0.299000	1.000000
-13.2537045279774989836596	2.3669548124265236133112	-54.390342	-54.390342	0.299000	1.000000
-13.2537045279774989836596	2.3669548124265236133112	-54.390342	-54.390342	0.299000	1.000000
-13.2537045279774989836596	2.3669548124265236133112	-54.390342	-54.390342	0.299000	1.000000
-13.2537045279774989836596	2.3669548124265236133112	-54.390342	-54.390342	0.299000	1.000000
-13.2537045279774989836596	2.3669548124265236133112	-54.390342	-54.390342	0.299000	1.000000
-13.2380600945509012689172	2.3669548124265236133112	-55.240057	-55.240057	0.299000	1.000000
-13.2380600945509012689172	2.3669548124265236133112	-55.240057	-55.240057	0.299000	1.000000
-13.2380600945509012689172	2.3669548124265236133112	-55.240057	-55.240057	0.299000	1.000000
-13.2292606887544916816069	2.3426454456648699853361	-55.486011	-55.486011	0.299000	1.000000
-13.2292606887544916816069	2.3426454456648699853361	-55.486011	-55.486011	0.299000	1.000000
-13.2292606887544916816069	2.3426454456648699853361	-55.486011	-55.486011	0.299000	1.000000
-13.2292606887544916816069	2.3426454456648699853361	-55.486011	-55.486011	0.299000	1.000000
-13.2292606887544916816069	2.3426454456648699853361	-55.486011	-55.486011	0.299000	1.000000
-13.2281096537279605485082	2.3426454456648699853361	-55.546884	-55.546884	0.299000	1.000000
-13.2281096537279605485082	2.3426454456648699853361	-55.546884	-55.546884	0.299000	1.000000
-13.2802841859576563621204	2.4682649684122726085889	-55.947409	-55.947409	0.299000	1.000000
-13.2802841859576563621204	2.4682649684122726085889	-55.947409	-55.947409	0.299000	1.000000
-13.2802841859576563621204	2.4539715976880263070825	-55.351663	-55.351663	0.299000	1.000000
-13.2802841859576563621204	2.4539715976880263070825	-55.351663	-55.351663	0.299000	1.000000
-13.2802841859576563621204	2.4539715976880263070825	-55.351663	-55.351663	0.299000	1.000000
-13.2802841859576563621204	2.4539715976880263070825	-55.351663	-55.351663	0.299000	1.000000
-13.2802841859576563621204	2.4539715976880263070825	-55.351663	-55.351663	0.299000	1.000000
-13.2802841859576563621204	2.4539715976880263070825	-55.351663	-55.351663	0.299000	1.000000
-13.2802841859576563621204	2.4787922353311642176266	-56.202767	-56.202767	0.299000	1.000000
-13.2802841859576563621204	2.4787922353311642176266	-56.202767	-56.202767	0.299000	1.000000
-13.4016845006583906751985	2.5187742169831337513131	-57.244358	-57.244358	0.299000	1.000000
-13.3730733943926001217051	2.4631100017482201458563	-57.533258	-57.533258	0.299000	1.000000
-13.3730733943926001217051	2.4631100017482201458563	-57.533258	-57.533258	0.299000	1.000000
-13.2479765279224039886685	2.4098685734677651737456	-55.730906	-55.730906	0.299000	1.000000
-13.2479765279224039886685	2.4157013784831566916012	-55.886446	-55.886446	0.299000	1.000000
-13.2479765279224039886685	2.4157013784831566916012	-55.886446	-55.886446	0.299000	1.000000
-13.2479765279224039886685	2.4157013784831566916012	-55.886446	-55.886446	0.299000	1.000000
-13.2479765279224039886685	2.4157013784831566916012	-55.886446	-55.886446	0.299000	1.000000
-13.2479765279224039886685	2.4157013784831566916012	-55.886446	-55.886446	0.299000	1.000000
-13.2479765279224039886685	2.4157013784831566916012	-55.886446	-55.886446	0.299000	1.000000
-13.2479765279224039886685	2.4157013784831566916012	-55.886446	-55.886446	0.299000	1.000000
-13.3161092739754067793001	2.4777605292410340709353	-54.387973	-54.387973	0.299000	1.000000
-13.3069056683143447372686	2.4652969637992003804072	-54.363167	-54.363167	0.299000	1.000000
-13.3069056683143447372686	2.4652969637992003804072	-54.363167	-54.363167	0.299000	1.000000
-13.3069056683143447372686	2.4652969637992003804072	-54.363167	-54.363167	0.299000	1.000000
-13.3069056683143447372686	2.4652969637992003804072	-54.363167	-54.363167	0.299000	1.000000
-13.3069056683143447372686	2.4652969637992003804072	-54.363167	-54.363167	0.299000	1.000000
-13.3069056683143447372686	2.4652969637992003804072	-54.363167	-54.363167	0.299000	1.000000
-13.3069056683143447372686	2.4652969637992003804072	-54.363167	-54.363167	0.299000	1.000000
-13.3069056683143447372686	2.4652969637992003804072	-54.363167	-54.363167	0.299000	1.000000
-13.3069056683143447372686	2.4652969637992003804072	-54.363167	-54.363167	0.299000	1.000000
-13.3069056683143447372686	2.4035796229773089827120	-55.243611	-55.243611	0.299000	1.000000
-13.3069056683143447372686	2.4035796229773089827120	-55.243611	-55.243611	0.299000	1.000000
-13.3069056683143447372686	2.4035796229773089827120	-55.243611	-55.243611	0.299000	1.000000
-13.3069056683143447372686	2.4035796229773089827120	-55.243611	-55.243611	0.299000	1.000000
-13.3118317990401511252685	2.4149816298927837543431	-55.267746	-55.267746	0.299000	1.000000
-13.3118317990401511252685	2.4253895499455380146969	-54.992601	-54.992601	0.299000	1.000000
-13.3118317990401511252685	2.4253895499455380146969	-54.992601	-54.992601	0.299000	1.000000
-13.3118317990401511252685	2.4253895499455380146969	-54.992601	-54.992601	0.299000	1.000000
-13.3118317990401511252685	2.4253895499455380146969	-54.992601	-54.992601	0.299000	1.000000
-13.3118317990401511252685	2.4253895499455380146969	-54.992601	-54.992601	0.299000	1.000000
-13.3118317990401511252685	2.4253895499455380146969	-54.992601	-54.992601	0.299000	1.000000
-13.3118317990401511252685	2.4253895499455380146969	-54.992601	-54.992601	0.299000	1.000000
-13.3118317990401511252685	2.4253895499455380146969	-54.992601	-54.992601	0.299000	1.000000
-13.3118317990401511252685	2.4253895499455380146969	-54.992601	-54.992601	0.299000	1.000000
-13.3118317990401511252685	2.4253895499455380146969	-54.992601	-54.992601	0.299000	1.000000
-13.3118317990401511252685	2.4253895499455380146969	-54.992601	-54.992601	0.299000	1.000000
-13.3118317990401511252685	2.4253895499455380146969	-54.992601	-54.992601	0.299000	1.000000
-13.3118317990401511252685	2.4253895499455380146969	-54.992601	-54.992601	0.299000	1.000000
-13.3118317990401511252685	2.4253895499455380146969	-54.992601	-54.992601	0.299000	1.000000
-13.3118317990401511252685	2.4253895499455380146969	-54.992601	-54.992601	0.299000	1.000000
-13.3118317990401511252685	2.4253895499455380146969	-54.992601	-54.992601	0.299000	1.000000
-13.3118317990401511252685	2.4253895499455380146969	-54.992601	-54.992601	0.299000	1.000000
-13.3118317990401511252685	2.4253895499455380146969	-54.992601	-54.992601	0.299000	1.000000
-13.3118317990401511252685	2.4253895499455380146969	-54.992601	-54.992601	0.299000	1.000000
-13.3118317990401511252685	2.4253895499455380146969	-54.992601	-54.992601	0.299000	1.000000
-13.2650382965702622328763	2.3569979043198996393471	-54.468636	-54.468636	0.299000	1.000000
-13.2650382965702622328763	2.3569979043198996393471	-54.468636	-54.468636	0.299000	1.000000
-13.2650382965702622328763	2.3569979043198996393471	-54.468636	-54.468636	0.299000	1.000000
-13.2650382965702622328763	2.3569979043198996393471	-54.468636	-54.468636	0.299000	1.000000
-13.2650382965702622328763	2.3569979043198996393471	-54.468636	-54.468636	0.299000	1.000000
-13.2650382965702622328763	2.3569979043198996393471	-54.468636	-54.468636	0.299000	1.000000
-13.2650382965702622328763	2.3569979043198996393471	-54.468636	-54.468636	0.299000	1.000000
-13.2650382965702622328763	2.3569979043198996393471	-54.468636	-54.468636	0.299000	1.000000
-13.2650382965702622328763	2.3569979043198996393471	-54.468636	-54.468636	0.299000	1.000000
-13.2650382965702622328763	2.3569979043198996393471	-54.468636	-54.468636	0.299000	1.000000
-13.2650382965702622328763	2.3569979043198996393471	-54.468636	-54.468636	0.299000	1.000000
-13.2650382965702622328763	2.3569979043198996393471	-54.468636	-54.468636	0.299000	1.000000
-13.2650382965702622328763	2.3569979043198996393471	-54.468636	-54.468636	0.299000	1.000000
-13.2650382965702622328763	2.3569979043198996393471	-54.468636	-54.468636	0.299000	1.000000
-13.2371806407067289512725	2.3680420540736699663853	-55.310864	-55.310864	0.299000	1.000000
-13.2371806407067289512725	2.3680420540736699663853	-55.310864	-55.310864	0.299000	1.000000
-13.2371806407067289512725	2.3680420540736699663853	-55.310864	-55.310864	0.299000	1.000000
-13.2371806407067289512725	2.3680420540736699663853	-55.310864	-55.310864	0.299000	1.000000
-13.2710242733065761910893	2.3680420540736699663853	-54.332304	-54.332304	0.299000	1.000000
-13.2710242733065761910893	2.4677378340727162964185	-56.257782	-56.257782	0.299000	1.000000
-13.2710242733065761910893	2.4677378340727162964185	-56.257782	-56.257782	0.299000	1.000000
-13.2710242733065761910893	2.4677378340727162964185	-56.257782	-56.257782	0.299000	1.000000
-13.2710242733065761910893	2.4677378340727162964185	-56.257782	-56.257782	0.299000	1.000000
-13.2710242733065761910893	2.4677378340727162964185	-56.257782	-56.257782	0.299000	1.000000
-13.2710242733065761910893	2.4677378340727162964185	-56.257782	-56.257782	0.299000	1.000000
-13.2710242733065761910893	2.4368169723146717586815	-55.328141	-55.328141	0.299000	1.000000
-13.2710242733065761910893	2.4368169723146717586815	-55.328141	-55.328141	0.299000	1.000000
-13.2887522205878507719490	2.4368169723146717586815	-54.339407	-54.339407	0.299000	1.000000
-13.2887522205878507719490	2.4368169723146717586815	-54.339407	-54.339407	0.299000	1.000000
-13.2887522205878507719490	2.4368169723146717586815	-54.339407	-54.339407	0.299000	1.000000
-13.2887522205878507719490	2.3832552819843755287366	-54.587895	-54.587895	0.299000	1.000000
-13.2887522205878507719490	2.3832552819843755287366	-54.587895	-54.587895	0.299000	1.000000
-13.3071312605640841297827	2.3832552819843755287366	-56.210104	-56.210104	0.299000	1.000000
-13.3071312605640841297827	2.3832552819843755287366	-56.210104	-56.210104	0.299000	1.000000
-13.3071312605640841297827	2.3832552819843755287366	-56.210104	-56.210104	0.299000	1.000000
-13.3071312605640841297827	2.4215939825538121965565	-54.753854	-54.753854	0.299000	1.000000
-13.3071312605640841297827	2.4215939825538121965565	-54.753854	-54.753854	0.299000	1.000000
-13.3071312605640841297827	2.4215939825538121965565	-54.753854	-54.753854	0.299000	1.000000
-13.3071312605640841297827	2.4215939825538121965565	-54.753854	-54.753854	0.299000	1.000000
-13.3071312605640841297827	2.4215939825538121965565	-54.753854	-54.753854	0.299000	1.000000
-13.3071312605640841297827	2.4215939825538121965565	-54.753854	-54.753854	0.299000	1.000000
-13.3071312605640841297827	2.4215939825538121965565	-54.753854	-54.753854	0.299000	1.000000
-13.3071312605640841297827	2.4215939825538121965565	-54.753854	-54.753854	0.299000	1.000000
-13.3071312605640841297827	2.4471098256470651399752	-54.325315	-54.325315	0.299000	1.000000
-13.3071312605640841297827	2.4471098256470651399752	-54.325315	-54.325315	0.299000	1.000000
-13.3071312605640841297827	2.4471098256470651399752	-54.325315	-54.325315	0.299000	1.000000
-13.3071312605640841297827	2.4471098256470651399752	-54.325315	-54.325315	0.299000	1.000000
-13.3071312605640841297827	2.4471098256470651399752	-54.325315	-54.325315	0.299000	1.000000
-13.3071312605640841297827	2.4471098256470651399752	-54.325315	-54.325315	0.299000	1.000000
-13.3071312605640841297827	2.4471098256470651399752	-54.325315	-54.325315	0.299000	1.000000
-13.3071312605640841297827	2.4471098256470651399752	-54.325315	-54.325315	0.299000	1.000000
-13.3071312605640841297827	2.4471098256470651399752	-54.325315	-54.325315	0.299000	1.000000
-13.3071312605640841297827	2.4471098256470651399752	-54.325315	-54.325315	0.299000	1.000000
-13.3071312605640841297827	2.4471098256470651399752	-54.325315	-54.325315	0.299000	1.000000
-13.3071312605640841297827	2.4471098256470651399752	-54.325315	-54.325315	0.299000	1.000000
-13.3071312605640841297827	2.4471098256470651399752	-54.325315	-54.325315	0.299000	1.000000
-13.3071312605640841297827	2.4471098256470651399752	-54.325315	-54.325315	0.299000	1.000000
-13.3071312605640841297827	2.4471098256470651399752	-54.325315	-54.325315	0.299000	1.000000
-13.3071312605640841297827	2.4471098256470651399752	-54.325315	-54.325315	0.299000	1.000000
-13.3071312605640841297827	2.4471098256470651399752	-54.325315	-54.325315	0.299000	1.000000
-13.3071312605640841297827	2.4471098256470651399752	-54.325315	-54.325315	0.299000	1.000000
-13.3071312605640841297827	2.4471098256470651399752	-54.325315	-54.325315	0.299000	1.000000
-13.3071312605640841297827	2.4615326956075915809663	-54.318273	-54.318273	0.299000	1.000000
-13.3071312605640841297827	2.4615326956075915809663	-54.318273	-54.318273	0.299000	1.000000
-13.3071312605640841297827	2.4615326956075915809663	-54.318273	-54.318273	0.299000	1.000000
-13.3071312605640841297827	2.4615326956075915809663	-54.318273	-54.318273	0.299000	1.000000
-13.2774287601819889204080	2.3593854704328425242466	-54.828925	-54.828925	0.299000	1.000000
-13.2774287601819889204080	2.3593854704328425242466	-54.828925	-54.828925	0.299000	1.000000
-13.2774287601819889204080	2.3593854704328425242466	-54.828925	-54.828925	0.299000	1.000000
-13.2774287601819889204080	2.3593854704328425242466	-54.828925	-54.828925	0.299000	1.000000
-13.2774287601819889204080	2.3593854704328425242466	-54.828925	-54.828925	0.299000	1.000000
-13.2774287601819889204080	2.3593854704328425242466	-54.828925	-54.828925	0.299000	1.000000
-13.2774287601819889204080	2.4362570646679371222376	-54.967549	-54.967549	0.299000	1.000000
-13.2774287601819889204080	2.4362570646679371222376	-54.967549	-54.967549	0.299000	1.000000
-13.2774287601819889204080	2.4362570646679371222376	-54.967549	-54.967549	0.299000	1.000000
-13.2774287601819889204080	2.4362570646679371222376	-54.967549	-54.967549	0.299000	1.000000
-13.2774287601819889204080	2.4362570646679371222376	-54.967549	-54.967549	0.299000	1.000000
-13.2774287601819889204080	2.4362570646679371222376	-54.967549	-54.967549	0.299000	1.000000
-13.2774287601819889204080	2.4362570646679371222376	-54.967549	-54.967549	0.299000	1.000000
-13.2774287601819889204080	2.3038023665684250751440	-58.017377	-58.017377	0.299000	1.000000
-13.2774287601819889204080	2.3038023665684250751440	-58.017377	-58.017377	0.299000	1.000000
-13.2225165228129686312286	2.3038023665684250751440	-55.952146	-55.952146	0.299000	1.000000
-13.2174855568500611013860	2.3038023665684250751440	-56.155498	-56.155498	0.299000	1.000000
-13.2174855568500611013860	2.3316377014728355554496	-56.096480	-56.096480	0.299000	1.000000
-13.2174855568500611013860	2.3316377014728355554496	-56.096480	-56.096480	0.299000	1.000000
-13.2174855568500611013860	2.2763697771464324048907	-56.690936	-56.690936	0.299000	1.000000
-13.2019295541994647891215	2.2703962692701527004147	-57.394300	-57.394300	0.299000	1.000000
-13.2019295541994647891215	2.2703962692701527004147	-57.394300	-57.394300	0.299000	1.000000
-13.2019295541994647891215	2.2174441563235500751716	-58.318237	-58.318237	0.299000	1.000000
-13.2019295541994647891215	2.3446109961418515332809	-57.492344	-57.492344	0.299000	1.000000
-13.2019295541994647891215	2.3446109961418515332809	-57.492344	-57.492344	0.299000	1.000000
-13.2122110149846268001284	2.3446109961418515332809	-56.606712	-56.606712	0.299000	1.000000
-13.2741728260924816140687	2.3737135116169922888218	-54.283123	-54.283123	0.299000	1.000000
-13.2741728260924816140687	2.3737135116169922888218	-54.283123	-54.283123	0.299000	1.000000
-13.2741728260924816140687	2.3737135116169922888218	-54.283123	-54.283123	0.299000	1.000000
-13.2689796019686028216711	2.3737135116169922888218	-54.214159	-54.214159	0.299000	1.000000
-13.2689796019686028216711	2.3737135116169922888218	-54.214159	-54.214159	0.299000	1.000000
-13.2689796019686028216711	2.3737135116169922888218	-54.214159	-54.214159	0.299000	1.000000
-13.2754176226079678713177	2.3737135116169922888218	-54.303129	-54.303129	0.299000	1.000000
-13.2754176226079678713177	2.3737135116169922888218	-54.303129	-54.303129	0.299000	1.000000
-13.2754176226079678713177	2.3737135116169922888218	-54.303129	-54.303129	0.299000	1.000000
-13.2754176226079678713177	2.3737135116169922888218	-54.303129	-54.303129	0.299000	1.000000
-13.2754176226079678713177	2.3737135116169922888218	-54.303129	-54.303129	0.299000	1.000000
-13.2754176226079678713177	2.3737135116169922888218	-54.303129	-54.303129	0.299000	1.000000
-13.2754176226079678713177	2.3737135116169922888218	-54.303129	-54.303129	0.299000	1.000000
-13.2754176226079678713177	2.3912909237085049340976	-54.069454	-54.069454	0.299000	1.000000
-13.2754176226079678713177	2.3912909237085049340976	-54.069454	-54.069454	0.299000	1.000000
-13.2754176226079678713177	2.3912909237085049340976	-54.069454	-54.069454	0.299000	1.000000
-13.2754176226079678713177	2.3655278899420175697799	-54.477828	-54.477828	0.299000	1.000000
-13.2754176226079678713177	2.3655278899420175697799	-54.477828	-54.477828	0.299000	1.000000
-13.2754176226079678713177	2.3655278899420175697799	-54.477828	-54.477828	0.299000	1.000000
-13.2754176226079678713177	2.3655278899420175697799	-54.477828	-54.477828	0.299000	1.000000
-13.2754176226079678713177	2.3655278899420175697799	-54.477828	-54.477828	0.299000	1.000000
-13.2412621295259338438655	2.3655278899420175697799	-54.958973	-54.958973	0.299000	1.000000
-13.2412621295259338438655	2.3655278899420175697799	-54.958973	-54.958973	0.299000	1.000000
-13.2412621295259338438655	2.3655278899420175697799	-54.958973	-54.958973	0.299000	1.000000
-13.2412621295259338438655	2.3655278899420175697799	-54.958973	-54.958973	0.299000	1.000000
-13.2412621295259338438655	2.3655278899420175697799	-54.958973	-54.958973	0.299000	1.000000
-13.2412621295259338438655	2.3655278899420175697799	-54.958973	-54.958973	0.299000	1.000000
-13.2412621295259338438655	2.3655278899420175697799	-54.958973	-54.958973	0.299000	1.000000
-13.2508941794153862758776	2.3796102609665688021323	-54.721937	-54.721937	0.299000	1.000000
-13.2508941794153862758776	2.3796102609665688021323	-54.721937	-54.721937	0.299000	1.000000
-13.2508941794153862758776	2.3796102609665688021323	-54.721937	-54.721937	0.299000	1.000000
-13.2508941794153862758776	2.3796102609665688021323	-54.721937	-54.721937	0.299000	1.000000
-13.2508941794153862758776	2.3796102609665688021323	-54.721937	-54.721937	0.299000	1.000000
-13.2508941794153862758776	2.3796102609665688021323	-54.721937	-54.721937	0.299000	1.000000
-13.2508941794153862758776	2.3796102609665688021323	-54.721937	-54.721937	0.299000	1.000000
-13.2508941794153862758776	2.3796102609665688021323	-54.721937	-54.721937	0.299000	1.000000
-13.2508941794153862758776	2.3796102609665688021323	-54.721937	-54.721937	0.299000	1.000000
-13.2508941794153862758776	2.3796102609665688021323	-54.721937	-54.721937	0.299000	1.000000
-13.2508941794153862758776	2.3796102609665688021323	-54.721937	-54.721937	0.299000	1.000000
-13.2508941794153862758776	2.3796102609665688021323	-54.721937	-54.721937	0.299000	1.000000
-13.2508941794153862758776	2.3796102609665688021323	-54.721937	-54.721937	0.299000	1.000000
-13.2508941794153862758776	2.3796102609665688021323	-54.721937	-54.721937	0.299000	1.000000
-13.2508941794153862758776	2.3796102609665688021323	-54.721937	-54.721937	0.299000	1.000000
-13.2508941794153862758776	2.3796102609665688021323	-54.721937	-54.721937	0.299000	1.000000
-13.2508941794153862758776	2.3796102609665688021323	-54.721937	-54.721937	0.299000	1.000000
-13.2508941794153862758776	2.3796102609665688021323	-54.721937	-54.721937	0.299000	1.000000
-13.2508941794153862758776	2.3796102609665688021323	-54.721937	-54.721937	0.299000	1.000000
-13.2508941794153862758776	2.3796102609665688021323	-54.721937	-54.721937	0.299000	1.000000
-13.2508941794153862758776	2.3622870438628140732362	-54.450234	-54.450234	0.299000	1.000000
-13.2508941794153862758776	2.3622870438628140732362	-54.450234	-54.450234	0.299000	1.000000
-13.2508941794153862758776	2.3622870438628140732362	-54.450234	-54.450234	0.299000	1.000000
-13.2265587569331977135789	2.3622870438628140732362	-55.887077	-55.887077	0.299000	1.000000
-13.2933265392746982058725	2.4370389907539253826485	-54.237795	-54.237795	0.299000	1.000000
-13.2933265392746982058725	2.4370389907539253826485	-54.237795	-54.237795	0.299000	1.000000
-13.2933265392746982058725	2.4370389907539253826485	-54.237795	-54.237795	0.299000	1.000000
-13.2933265392746982058725	2.4370389907539253826485	-54.237795	-54.237795	0.299000	1.000000
-13.2933265392746982058725	2.4370389907539253826485	-54.237795	-54.237795	0.299000	1.000000
-13.2839243591317099912885	2.4370389907539253826485	-54.621770	-54.621770	0.299000	1.000000
-13.2839243591317099912885	2.4370389907539253826485	-54.621770	-54.621770	0.299000	1.000000
-13.2839243591317099912885	2.4370389907539253826485	-54.621770	-54.621770	0.299000	1.000000
-13.2839243591317099912885	2.4370389907539253826485	-54.621770	-54.621770	0.299000	1.000000
-13.2839243591317099912885	2.4370389907539253826485	-54.621770	-54.621770	0.299000	1.000000
-13.2839243591317099912885	2.4370389907539253826485	-54.621770	-54.621770	0.299000	1.000000
-13.2839243591317099912885	2.4370389907539253826485	-54.621770	-54.621770	0.299000	1.000000
-13.2839243591317099912885	2.4370389907539253826485	-54.621770	-54.621770	0.299000	1.000000
-13.2839243591317099912885	2.4370389907539253826485	-54.621770	-54.621770	0.299000	1.000000
-13.2839243591317099912885	2.4370389907539253826485	-54.621770	-54.621770	0.299000	1.000000
-13.2839243591317099912885	2.4370389907539253826485	-54.621770	-54.621770	0.299000	1.000000
-13.2839243591317099912885	2.4370389907539253826485	-54.621770	-54.621770	0.299000	1.000000
-13.2839243591317099912885	2.4370389907539253826485	-54.621770	-54.621770	0.299000	1.000000
-13.2484633012663177709101	2.3410386384923942415526	-54.585573	-54.585573	0.299000	1.000000
-13.2484633012663177709101	2.3282426620420246798915	-55.028720	-55.028720	0.299000	1.000000
-13.2484633012663177709101	2.3282426620420246798915	-55.028720	-55.028720	0.299000	1.000000
-13.2484633012663177709101	2.3282426620420246798915	-55.028720	-55.028720	0.299000	1.000000
-13.2484633012663177709101	2.3282426620420246798915	-55.028720	-55.028720	0.299000	1.000000
-13.2484633012663177709101	2.3282426620420246798915	-55.028720	-55.028720	0.299000	1.000000
-13.2484633012663177709101	2.3282426620420246798915	-55.028720	-55.028720	0.299000	1.000000
-13.2484633012663177709101	2.3282426620420246798915	-55.028720	-55.028720	0.299000	1.000000
-13.2484633012663177709101	2.3282426620420246798915	-55.028720	-55.028720	0.299000	1.000000
-13.2484633012663177709101	2.3282426620420246798915	-55.028720	-55.028720	0.299000	1.000000
-13.2484633012663177709101	2.3282426620420246798915	-55.028720	-55.028720	0.299000	1.000000
-13.2484633012663177709101	2.3282426620420246798915	-55.028720	-55.028720	0.299000	1.000000
-13.2484633012663177709101	2.3282426620420246798915	-55.028720	-55.028720	0.299000	1.000000
-13.2484633012663177709101	2.3282426620420246798915	-55.028720	-55.028720	0.299000	1.000000
-13.2484633012663177709101	2.3282426620420246798915	-55.028720	-55.028720	0.299000	1.000000
-13.2484633012663177709101	2.3282426620420246798915	-55.028720	-55.028720	0.299000	1.000000
-13.2484633012663177709101	2.3282426620420246798915	-55.028720	-55.028720	0.299000	1.000000
-13.2484633012663177709101	2.3282426620420246798915	-55.028720	-55.028720	0.299000	1.000000
-13.2484633012663177709101	2.3224277489026703413799	-55.218816	-55.218816	0.299000	1.000000
-13.2484633012663177709101	2.3224277489026703413799	-55.218816	-55.218816	0.299000	1.000000
-13.2484633012663177709101	2.3224277489026703413799	-55.218816	-55.218816	0.299000	1.000000
-13.2484633012663177709101	2.3224277489026703413799	-55.218816	-55.218816	0.299000	1.000000
-13.2484633012663177709101	2.3224277489026703413799	-55.218816	-55.218816	0.299000	1.000000
-13.2484633012663177709101	2.3224277489026703413799	-55.218816	-55.218816	0.299000	1.000000
-13.2484633012663177709101	2.3224277489026703413799	-55.218816	-55.218816	0.299000	1.000000
-13.2484633012663177709101	2.3224277489026703413799	-55.218816	-55.218816	0.299000	1.000000
-13.2484633012663177709101	2.3224277489026703413799	-55.218816	-55.218816	0.299000	1.000000
-13.2484633012663177709101	2.3734204232267153145131	-54.703393	-54.703393	0.299000	1.000000
-13.2484633012663177709101	2.3734204232267153145131	-54.703393	-54.703393	0.299000	1.000000
-13.2484633012663177709101	2.3734204232267153145131	-54.703393	-54.703393	0.299000	1.000000
-13.2484633012663177709101	2.3734204232267153145131	-54.703393	-54.703393	0.299000	1.000000
-13.2484633012663177709101	2.3734204232267153145131	-54.703393	-54.703393	0.299000	1.000000
-13.2484633012663177709101	2.3734204232267153145131	-54.703393	-54.703393	0.299000	1.000000
-13.2484633012663177709101	2.3734204232267153145131	-54.703393	-54.703393	0.299000	1.000000
-13.2484633012663177709101	2.3734204232267153145131	-54.703393	-54.703393	0.299000	1.000000
-13.2484633012663177709101	2.3734204232267153145131	-54.703393	-54.703393	0.299000	1.000000
-13.2484633012663177709101	2.3734204232267153145131	-54.703393	-54.703393	0.299000	1.000000
-13.2391970060454760016455	2.2994936994246231165562	-55.931499	-55.931499	0.299000	1.000000
-13.2391970060454760016455	2.2994936994246231165562	-55.931499	-55.931499	0.299000	1.000000
-13.2391970060454760016455	2.3952676820478879804455	-55.737219	-55.737219	0.299000	1.000000
-13.2391970060454760016455	2.3952676820478879804455	-55.737219	-55.737219	0.299000	1.000000
-13.2391970060454760016455	2.3952676820478879804455	-55.737219	-55.737219	0.299000	1.000000
-13.2391970060454760016455	2.3952676820478879804455	-55.737219	-55.737219	0.299000	1.000000
-13.2391970060454760016455	2.3838723888772541670278	-55.461960	-55.461960	0.299000	1.000000
-13.2391970060454760016455	2.3838723888772541670278	-55.461960	-55.461960	0.299000	1.000000
-13.2391970060454760016455	2.3588102823678358532788	-54.968713	-54.968713	0.299000	1.000000
-13.2686450743243611327671	2.4065652161746631243489	-54.556000	-54.556000	0.299000	1.000000
-13.2686450743243611327671	2.4065652161746631243489	-54.556000	-54.556000	0.299000	1.000000
-13.3041058071395816853055	2.4361353720868375027919	-54.343887	-54.343887	0.299000	1.000000
-13.3041058071395816853055	2.4361353720868375027919	-54.343887	-54.343887	0.299000	1.000000
-13.3041058071395816853055	2.4361353720868375027919	-54.343887	-54.343887	0.299000	1.000000
-13.3041058071395816853055	2.4361353720868375027919	-54.343887	-54.343887	0.299000	1.000000
-13.3041058071395816853055	2.4361353720868375027919	-54.343887	-54.343887	0.299000	1.000000
-13.3041058071395816853055	2.4361353720868375027919	-54.343887	-54.343887	0.299000	1.000000
-13.3041058071395816853055	2.4361353720868375027919	-54.343887	-54.343887	0.299000	1.000000
-13.3528216828899619628146	2.5535645105514492847476	-54.962234	-54.962234	0.299000	1.000000
-13.3802509365836073129685	2.5535645105514492847476	-55.753159	-55.753159	0.299000	1.000000
-13.3540280781434113066553	2.5446325335740693773801	-55.046823	-55.046823	0.299000	1.000000
-13.3540280781434113066553	2.4942388064900034017057	-56.148030	-56.148030	0.299000	1.000000
-13.3540280781434113066553	2.4942388064900034017057	-56.148030	-56.148030	0.299000	1.000000
-13.3540280781434113066553	2.4942388064900034017057	-56.148030	-56.148030	0.299000	1.000000
-13.3637950079071714526435	2.4942388064900034017057	-56.327580	-56.327580	0.299000	1.000000
-13.3637950079071714526435	2.4942388064900034017057	-56.327580	-56.327580	0.299000	1.000000
-13.3637950079071714526435	2.4942388064900034017057	-56.327580	-56.327580	0.299000	1.000000
-13.3637950079071714526435	2.4942388064900034017057	-56.327580	-56.327580	0.299000	1.000000
-13.3632973711630196333999	2.6292533878656771939575	-56.895686	-56.895686	0.299000	1.000000
-13.3632973711630196333999	2.6292533878656771939575	-56.895686	-56.895686	0.299000	1.000000
-13.3875085603560020075520	2.4792837321415306384154	-57.498554	-57.498554	0.299000	1.000000
-13.3875085603560020075520	2.4792837321415306384154	-57.498554	-57.498554	0.299000	1.000000
-13.3875085603560020075520	2.3839259710577369588691	-59.570785	-59.570785	0.299000	1.000000
-13.4903221673970836747003	2.5835855993737526503651	-57.115278	-57.115278	0.299000	1.000000
-13.4903221673970836747003	2.6977692018311625332672	-54.782643	-54.782643	0.299000	1.000000
-13.4903221673970836747003	2.6977692018311625332672	-54.782643	-54.782643	0.299000	1.000000
-13.4727920067902253720149	2.6977692018311625332672	-54.326690	-54.326690	0.299000	1.000000
-13.4727920067902253720149	2.6977692018311625332672	-54.326690	-54.326690	0.299000	1.000000
-13.4973543530528363731946	2.7347868132339301361355	-54.039828	-54.039828	0.299000	1.000000
-13.4973543530528363731946	2.7347868132339301361355	-54.039828	-54.039828	0.299000	1.000000
-13.4973543530528363731946	2.7347868132339301361355	-54.039828	-54.039828	0.299000	1.000000
-13.4973543530528363731946	2.7347868132339301361355	-54.039828	-54.039828	0.299000	1.000000
-13.4973543530528363731946	2.7347868132339301361355	-54.039828	-54.039828	0.299000	1.000000
-13.4973543530528363731946	2.7347868132339301361355	-54.039828	-54.039828	0.299000	1.000000
-13.4973543530528363731946	2.7347868132339301361355	-54.039828	-54.039828	0.299000	1.000000
-13.4973543530528363731946	2.7687292779847183510356	-53.531449	-53.531449	0.299000	1.000000
-13.5189229893555165062935	2.7645059893270600426263	-54.323848	-54.323848	0.299000	1.000000
-13.5189229893555165062935	2.7198105376001113775430	-55.333952	-55.333952	0.299000	1.000000
-13.4946980471119708511196	2.7198105376001113775430	-54.295216	-54.295216	0.299000	1.000000
-13.4946980471119708511196	2.7198105376001113775430	-54.295216	-54.295216	0.299000	1.000000
-13.4607235063284633724834	2.7802652240318543874764	-55.003270	-55.003270	0.299000	1.000000
-13.4607235063284633724834	2.7802652240318543874764	-55.003270	-55.003270	0.299000	1.000000
-13.4607235063284633724834	2.7802652240318543874764	-55.003270	-55.003270	0.299000	1.000000
-13.4607235063284633724834	2.7802652240318543874764	-55.003270	-55.003270	0.299000	1.000000
-13.4607235063284633724834	2.7886779509989829684002	-55.477181	-55.477181	0.299000	1.000000
-13.5571891393700667549638	2.7886779509989829684002	-56.762215	-56.762215	0.299000	1.000000
-13.5571891393700667549638	2.7886779509989829684002	-56.762215	-56.762215	0.299000	1.000000
-13.3981231735102390700831	2.8068801658547930522047	-57.709216	-57.709216	0.299000	1.000000
-13.3981231735102390700831	2.8068801658547930522047	-57.709216	-57.709216	0.299000	1.000000
-13.3981231735102390700831	2.8068801658547930522047	-57.709216	-57.709216	0.299000	1.000000
-13.4572514597488410714732	2.5322985317172985730849	-57.863023	-57.863023	0.299000	1.000000
-13.4572514597488410714732	2.5322985317172985730849	-57.863023	-57.863023	0.299000	1.000000
-13.4572514597488410714732	2.5322985317172985730849	-57.863023	-57.863023	0.299000	1.000000
-13.4572514597488410714732	2.5322985317172985730849	-57.863023	-57.863023	0.299000	1.000000
-13.4572514597488410714732	2.5322985317172985730849	-57.863023	-57.863023	0.299000	1.000000
-13.4928546671271121226710	2.5322985317172985730849	-58.302839	-58.302839	0.299000	1.000000
-13.4928546671271121226710	2.5322985317172985730849	-58.302839	-58.302839	0.299000	1.000000
-13.3896600950886259795425	2.3808511163443535352258	-59.605120	-59.605120	0.299000	1.000000
-13.3896600950886259795425	2.4630559231779822759734	-57.914943	-57.914943	0.299000	1.000000
-13.3896600950886259795425	2.4630559231779822759734	-57.914943	-57.914943	0.299000	1.000000
-13.3110057478216656789982	2.4630559231779822759734	-54.328634	-54.328634	0.299000	1.000000
-13.3110057478216656789982	2.4630559231779822759734	-54.328634	-54.328634	0.299000	1.000000
-13.3110057478216656789982	2.4630559231779822759734	-54.328634	-54.328634	0.299000	1.000000
-13.3110057478216656789982	2.3965698095509315734830	-55.841768	-55.841768	0.299000	1.000000
-13.3110057478216656789982	2.3965698095509315734830	-55.841768	-55.841768	0.299000	1.000000
-13.3110057478216656789982	2.3965698095509315734830	-55.841768	-55.841768	0.299000	1.000000
-13.3110057478216656789982	2.4913090178278931574596	-54.655638	-54.655638	0.299000	1.000000
-13.3110057478216656789982	2.4913090178278931574596	-54.655638	-54.655638	0.299000	1.000000
-13.3110057478216656789982	2.4913090178278931574596	-54.655638	-54.655638	0.299000	1.000000
-13.3110057478216656789982	2.4913090178278931574596	-54.655638	-54.655638	0.299000	1.000000
-13.3671242271199570694762	2.6075069587067889465004	-55.784121	-55.784121	0.299000	1.000000
-13.3671242271199570694762	2.6075069587067889465004	-55.784121	-55.784121	0.299000	1.000000
-13.3671242271199570694762	2.6075069587067889465004	-55.784121	-55.784121	0.299000	1.000000
-13.3671242271199570694762	2.5493647099681511214442	-55.732197	-55.732197	0.299000	1.000000
-13.3898402901041553292316	2.5887956725505407717947	-55.641812	-55.641812	0.299000	1.000000
-13.3635714250969854788309	2.6037432141039555943962	-55.753446	-55.753446	0.299000	1.000000
-13.3558973985505105019911	2.6037432141039555943962	-56.036125	-56.036125	0.299000	1.000000
-13.3558973985505105019911	2.6037432141039555943962	-56.036125	-56.036125	0.299000	1.000000
-13.3558973985505105019911	2.6037432141039555943962	-56.036125	-56.036125	0.299000	1.000000
-13.4186425931600528116405	2.6106255460461653683524	-55.714178	-55.714178	0.299000	1.000000
-13.4186425931600528116405	2.6106255460461653683524	-55.714178	-55.714178	0.299000	1.000000
-13.4186425931600528116405	2.6106255460461653683524	-55.714178	-55.714178	0.299000	1.000000
-13.4613455904496337467435	2.7530307913334586267240	-53.803056	-53.803056	0.299000	1.000000
-13.4613455904496337467435	2.7530307913334586267240	-53.803056	-53.803056	0.299000	1.000000
-13.4613455904496337467435	2.6607247969980227786380	-55.188138	-55.188138	0.299000	1.000000
-13.4613455904496337467435	2.6607247969980227786380	-55.188138	-55.188138	0.299000	1.000000
-13.4613455904496337467435	2.6607247969980227786380	-55.188138	-55.188138	0.299000	1.000000
-13.4983970280119596196755	2.8483964201349545319886	-54.084387	-54.084387	0.299000	1.000000
-13.4983970280119596196755	2.8970912888411355368135	-54.441437	-54.441437	0.299000	1.000000
-13.4983970280119596196755	2.8970912888411355368135	-54.441437	-54.441437	0.299000	1.000000
-13.5185452787010866870787	2.8963769397017888884704	-53.890815	-53.890815	0.299000	1.000000
-13.5185452787010866870787	2.8963769397017888884704	-53.890815	-53.890815	0.299000	1.000000
-13.5185452787010866870787	2.8963769397017888884704	-53.890815	-53.890815	0.299000	1.000000
-13.5185452787010866870787	2.8963769397017888884704	-53.890815	-53.890815	0.299000	1.000000
-13.5185452787010866870787	2.8464716864098140725048	-53.389590	-53.389590	0.299000	1.000000
-13.5185452787010866870787	2.8464716864098140725048	-53.389590	-53.389590	0.299000	1.000000
-13.5185452787010866870787	2.8464716864098140725048	-53.389590	-53.389590	0.299000	1.000000
-13.5185452787010866870787	2.8464716864098140725048	-53.389590	-53.389590	0.299000	1.000000
-13.5185452787010866870787	2.8464716864098140725048	-53.389590	-53.389590	0.299000	1.000000
-13.4834003137119982085323	2.8536471939748198067832	-54.563557	-54.563557	0.299000	1.000000
-13.4521806203378737620824	2.9920171473812691154137	-56.251071	-56.251071	0.299000	1.000000
-13.4521806203378737620824	2.7976349673820188890261	-55.570479	-55.570479	0.299000	1.000000
-13.4521806203378737620824	2.7976349673820188890261	-55.570479	-55.570479	0.299000	1.000000
-13.4521806203378737620824	2.8281823114646931216498	-55.490315	-55.490315	0.299000	1.000000
-13.4521806203378737620824	2.8281823114646931216498	-55.490315	-55.490315	0.299000	1.000000
-13.4521806203378737620824	2.8281823114646931216498	-55.490315	-55.490315	0.299000	1.000000
-13.4521806203378737620824	2.8281823114646931216498	-55.490315	-55.490315	0.299000	1.000000
-13.4636725107311860938353	2.8222264930287730422265	-55.096057	-55.096057	0.299000	1.000000
-13.4636725107311860938353	2.8352073005261257954146	-55.087199	-55.087199	0.299000	1.000000
-13.4636725107311860938353	2.8352073005261257954146	-55.087199	-55.087199	0.299000	1.000000
-13.4636725107311860938353	2.8352073005261257954146	-55.087199	-55.087199	0.299000	1.000000
-13.4636725107311860938353	2.8352073005261257954146	-55.087199	-55.087199	0.299000	1.000000
-13.4636725107311860938353	2.9880882501280048302306	-56.555950	-56.555950	0.299000	1.000000
-13.4636725107311860938353	2.8546991210943368777464	-55.185141	-55.185141	0.299000	1.000000
-13.4636725107311860938353	2.8546991210943368777464	-55.185141	-55.185141	0.299000	1.000000
-13.4622977992986889717031	2.8013798380343315486130	-55.395083	-55.395083	0.299000	1.000000
-13.5062089450775708598940	2.8013798380343315486130	-53.312492	-53.312492	0.299000	1.000000
-13.5062089450775708598940	2.8013798380343315486130	-53.312492	-53.312492	0.299000	1.000000
-13.5062089450775708598940	2.8013798380343315486130	-53.312492	-53.312492	0.299000	1.000000
-13.5062089450775708598940	2.8013798380343315486130	-53.312492	-53.312492	0.299000	1.000000
-13.5062089450775708598940	2.8013798380343315486130	-53.312492	-53.312492	0.299000	1.000000
-13.5062089450775708598940	2.8847238001275194996254	-53.986977	-53.986977	0.299000	1.000000
-13.5062089450775708598940	2.8847238001275194996254	-53.986977	-53.986977	0.299000	1.000000
-13.5062089450775708598940	2.8763533656602326971097	-53.938846	-53.938846	0.299000	1.000000
-13.5062089450775708598940	2.8763533656602326971097	-53.938846	-53.938846	0.299000	1.000000
-13.5062089450775708598940	2.8763533656602326971097	-53.938846	-53.938846	0.299000	1.000000
-13.5062089450775708598940	2.8763533656602326971097	-53.938846	-53.938846	0.299000	1.000000
-13.5062089450775708598940	2.8763533656602326971097	-53.938846	-53.938846	0.299000	1.000000
-13.5111186939746623636438	2.7669976926864490174296	-53.901424	-53.901424	0.299000	1.000000
-13.5111186939746623636438	2.7669976926864490174296	-53.901424	-53.901424	0.299000	1.000000
-13.5111186939746623636438	2.7669976926864490174296	-53.901424	-53.901424	0.299000	1.000000
-13.5111186939746623636438	2.7669976926864490174296	-53.901424	-53.901424	0.299000	1.000000
-13.5111186939746623636438	2.7669976926864490174296	-53.901424	-53.901424	0.299000	1.000000
-13.5111186939746623636438	2.7669976926864490174296	-53.901424	-53.901424	0.299000	1.000000
-13.5111186939746623636438	2.7669976926864490174296	-53.901424	-53.901424	0.299000	1.000000
-13.5111186939746623636438	2.7669976926864490174296	-53.901424	-53.901424	0.299000	1.000000
-13.5111186939746623636438	2.7669976926864490174296	-53.901424	-53.901424	0.299000	1.000000
-13.5111186939746623636438	2.7669976926864490174296	-53.901424	-53.901424	0.299000	1.000000
-13.5111186939746623636438	2.7669976926864490174296	-53.901424	-53.901424	0.299000	1.000000
-13.5111186939746623636438	2.7669976926864490174296	-53.901424	-53.901424	0.299000	1.000000
-13.5111186939746623636438	2.7669976926864490174296	-53.901424	-53.901424	0.299000	1.000000
-13.5111186939746623636438	2.7669976926864490174296	-53.901424	-53.901424	0.299000	1.000000
-13.5111186939746623636438	2.7792671775709449910607	-53.753904	-53.753904	0.299000	1.000000
-13.5111186939746623636438	2.8675021320328673013478	-53.909808	-53.909808	0.299000	1.000000
-13.5111186939746623636438	2.8675021320328673013478	-53.909808	-53.909808	0.299000	1.000000
-13.5107266715302554160871	2.8517224351771170987035	-53.568240	-53.568240	0.299000	1.000000
-13.5107266715302554160871	2.8517224351771170987035	-53.568240	-53.568240	0.299000	1.000000
-13.5107266715302554160871	2.8517224351771170987035	-53.568240	-53.568240	0.299000	1.000000
-13.5107266715302554160871	2.6932148686032393314349	-55.649356	-55.649356	0.299000	1.000000
-13.5107266715302554160871	2.7152061843454666778541	-55.258575	-55.258575	0.299000	1.000000
-13.5107266715302554160871	2.7290993820154416660273	-54.884132	-54.884132	0.299000	1.000000
-13.5107266715302554160871	2.7290993820154416660273	-54.884132	-54.884132	0.299000	1.000000
-13.5260740452640533248996	2.7290993820154416660273	-55.432355	-55.432355	0.299000	1.000000
-13.5260740452640533248996	2.7290993820154416660273	-55.432355	-55.432355	0.299000	1.000000
-13.4613375315555661160261	2.7129877044544956632421	-53.685426	-53.685426	0.299000	1.000000
-13.4613375315555661160261	2.8226181156339502642538	-55.161126	-55.161126	0.299000	1.000000
-13.4613375315555661160261	2.8226181156339502642538	-55.161126	-55.161126	0.299000	1.000000
-13.4613375315555661160261	2.8226181156339502642538	-55.161126	-55.161126	0.299000	1.000000
-13.4613375315555661160261	2.8226181156339502642538	-55.161126	-55.161126	0.299000	1.000000
-13.4613375315555661160261	2.8226181156339502642538	-55.161126	-55.161126	0.299000	1.000000
-13.4613375315555661160261	2.7651132726897320601722	-54.230751	-54.230751	0.299000	1.000000
-13.4613375315555661160261	2.7008672355882268334426	-53.911254	-53.911254	0.299000	1.000000
-13.4809921416117877157603	2.7008672355882268334426	-54.392152	-54.392152	0.299000	1.000000
-13.4809921416117877157603	2.7008672355882268334426	-54.392152	-54.392152	0.299000	1.000000
-13.4809921416117877157603	2.7008672355882268334426	-54.392152	-54.392152	0.299000	1.000000
-13.4809921416117877157603	2.7008672355882268334426	-54.392152	-54.392152	0.299000	1.000000
-13.4930494364447302046983	2.7008672355882268334426	-54.783432	-54.783432	0.299000	1.000000
-13.4930494364447302046983	2.7008672355882268334426	-54.783432	-54.783432	0.299000	1.000000
-13.4930494364447302046983	2.7008672355882268334426	-54.783432	-54.783432	0.299000	1.000000
-13.4930494364447302046983	2.7032880364980891307880	-54.703519	-54.703519	0.299000	1.000000
-13.4930494364447302046983	2.7032880364980891307880	-54.703519	-54.703519	0.299000	1.000000
-13.4930494364447302046983	2.7032880364980891307880	-54.703519	-54.703519	0.299000	1.000000
-13.4930494364447302046983	2.7032880364980891307880	-54.703519	-54.703519	0.299000	1.000000
-13.4930494364447302046983	2.7908167903781495589044	-53.053251	-53.053251	0.299000	1.000000
-13.4927577136317964345835	2.7908167903781495589044	-53.061887	-53.061887	0.299000	1.000000
-13.4927577136317964345835	2.7908167903781495589044	-53.061887	-53.061887	0.299000	1.000000
-13.4927577136317964345835	2.7908167903781495589044	-53.061887	-53.061887	0.299000	1.000000
-13.4927577136317964345835	2.7908167903781495589044	-53.061887	-53.061887	0.299000	1.000000
-13.4927577136317964345835	2.7908167903781495589044	-53.061887	-53.061887	0.299000	1.000000
-13.4927577136317964345835	2.7908167903781495589044	-53.061887	-53.061887	0.299000	1.000000
-13.4927577136317964345835	2.7908167903781495589044	-53.061887	-53.061887	0.299000	1.000000
-13.4927577136317964345835	2.7908167903781495589044	-53.061887	-53.061887	0.299000	1.000000
-13.4927577136317964345835	2.8260507990226462204930	-53.927923	-53.927923	0.299000	1.000000
-13.4761949263208276050818	2.7211873344768902072133	-53.817809	-53.817809	0.299000	1.000000
-13.5024492386750836203646	2.8027841961742279153214	-53.135126	-53.135126	0.299000	1.000000
-13.5024492386750836203646	2.8027841961742279153214	-53.135126	-53.135126	0.299000	1.000000
-13.5024492386750836203646	2.8027841961742279153214	-53.135126	-53.135126	0.299000	1.000000
-13.5024492386750836203646	2.8027841961742279153214	-53.135126	-53.135126	0.299000	1.000000
-13.5024492386750836203646	2.7174726834416724763344	-54.720930	-54.720930	0.299000	1.000000
-13.5024492386750836203646	2.5950019926143501614035	-57.142622	-57.142622	0.299000	1.000000
-13.5024492386750836203646	2.5950019926143501614035	-57.142622	-57.142622	0.299000	1.000000
-13.5024492386750836203646	2.5950019926143501614035	-57.142622	-57.142622	0.299000	1.000000
-13.5024492386750836203646	2.5950019926143501614035	-57.142622	-57.142622	0.299000	1.000000
-13.5024492386750836203646	2.5950019926143501614035	-57.142622	-57.142622	0.299000	1.000000
-13.5024492386750836203646	2.5950019926143501614035	-57.142622	-57.142622	0.299000	1.000000
-13.5024492386750836203646	2.6353128872052233866441	-56.507699	-56.507699	0.299000	1.000000
-13.5024492386750836203646	2.6353128872052233866441	-56.507699	-56.507699	0.299000	1.000000
-13.5024492386750836203646	2.6353128872052233866441	-56.507699	-56.507699	0.299000	1.000000
-13.5024492386750836203646	2.6353128872052233866441	-56.507699	-56.507699	0.299000	1.000000
-13.4936016084365686396040	2.6714068149746506009024	-55.781067	-55.781067	0.299000	1.000000
-13.4936016084365686396040	2.6903026483438519100844	-55.212238	-55.212238	0.299000	1.000000
-13.4936016084365686396040	2.6903026483438519100844	-55.212238	-55.212238	0.299000	1.000000
-13.4936016084365686396040	2.6903026483438519100844	-55.212238	-55.212238	0.299000	1.000000
-13.4936016084365686396040	2.8523539653609493171871	-54.177426	-54.177426	0.299000	1.000000
-13.4936016084365686396040	2.8523539653609493171871	-54.177426	-54.177426	0.299000	1.000000
-13.4936016084365686396040	2.8523539653609493171871	-54.177426	-54.177426	0.299000	1.000000
-13.4936016084365686396040	2.8523539653609493171871	-54.177426	-54.177426	0.299000	1.000000
-13.4970974866736046493543	2.8523539653609493171871	-54.099669	-54.099669	0.299000	1.000000
-13.4970974866736046493543	2.8523539653609493171871	-54.099669	-54.099669	0.299000	1.000000
-13.4526463198729437920065	2.7304689021070949195291	-53.988265	-53.988265	0.299000	1.000000
-13.4526463198729437920065	2.7554787454630185195015	-54.757719	-54.757719	0.299000	1.000000
-13.4526463198729437920065	2.7554787454630185195015	-54.757719	-54.757719	0.299000	1.000000
-13.4526463198729437920065	2.7554787454630185195015	-54.757719	-54.757719	0.299000	1.000000
-13.4526463198729437920065	2.7554787454630185195015	-54.757719	-54.757719	0.299000	1.000000
-13.4526463198729437920065	2.7554787454630185195015	-54.757719	-54.757719	0.299000	1.000000
-13.4526463198729437920065	2.7554787454630185195015	-54.757719	-54.757719	0.299000	1.000000
-13.4526463198729437920065	2.7554787454630185195015	-54.757719	-54.757719	0.299000	1.000000
-13.4526463198729437920065	2.7554787454630185195015	-54.757719	-54.757719	0.299000	1.000000
-13.4526463198729437920065	2.7554787454630185195015	-54.757719	-54.757719	0.299000	1.000000
-13.4526463198729437920065	2.7316190048738469009493	-54.012697	-54.012697	0.299000	1.000000
-13.4526463198729437920065	2.7316190048738469009493	-54.012697	-54.012697	0.299000	1.000000
-13.4526463198729437920065	2.7316190048738469009493	-54.012697	-54.012697	0.299000	1.000000
-13.4526463198729437920065	2.7316190048738469009493	-54.012697	-54.012697	0.299000	1.000000
-13.4526463198729437920065	2.7316190048738469009493	-54.012697	-54.012697	0.299000	1.000000
-13.4526463198729437920065	2.7043668050407152492198	-53.931131	-53.931131	0.299000	1.000000
-13.4526463198729437920065	2.7043668050407152492198	-53.931131	-53.931131	0.299000	1.000000
-13.4526463198729437920065	2.7043668050407152492198	-53.931131	-53.931131	0.299000	1.000000
-13.4526463198729437920065	2.7043668050407152492198	-53.931131	-53.931131	0.299000	1.000000
-13.4526463198729437920065	2.6803695538212983784376	-54.278097	-54.278097	0.299000	1.000000
-13.4526463198729437920065	2.6803695538212983784376	-54.278097	-54.278097	0.299000	1.000000
-13.4526463198729437920065	2.6803695538212983784376	-54.278097	-54.278097	0.299000	1.000000
-13.4526463198729437920065	2.6803695538212983784376	-54.278097	-54.278097	0.299000	1.000000
-13.4526463198729437920065	2.6408350201033403692463	-55.590986	-55.590986	0.299000	1.000000
-13.4526463198729437920065	2.8392977855172776280313	-55.489937	-55.489937	0.299000	1.000000
-13.4526463198729437920065	2.8392977855172776280313	-55.489937	-55.489937	0.299000	1.000000
-13.4526463198729437920065	2.8392977855172776280313	-55.489937	-55.489937	0.299000	1.000000
-13.4526463198729437920065	2.8579881949807450780554	-55.716406	-55.716406	0.299000	1.000000
-13.4526463198729437920065	2.7456645327359971986425	-54.390908	-54.390908	0.299000	1.000000
-13.4526463198729437920065	2.7456645327359971986425	-54.390908	-54.390908	0.299000	1.000000
-13.4526463198729437920065	2.7456645327359971986425	-54.390908	-54.390908	0.299000	1.000000
-13.4526463198729437920065	2.7456645327359971986425	-54.390908	-54.390908	0.299000	1.000000
-13.4526463198729437920065	2.7456645327359971986425	-54.390908	-54.390908	0.299000	1.000000
-13.4526463198729437920065	2.7456645327359971986425	-54.390908	-54.390908	0.299000	1.000000
-13.4526463198729437920065	2.7456645327359971986425	-54.390908	-54.390908	0.299000	1.000000
-13.4526463198729437920065	2.6873730083550499969647	-54.124609	-54.124609	0.299000	1.000000
-13.4526463198729437920065	2.6873730083550499969647	-54.124609	-54.124609	0.299000	1.000000
-13.4526463198729437920065	2.6873730083550499969647	-54.124609	-54.124609	0.299000	1.000000
-13.4526463198729437920065	2.7426636028035122905067	-54.294391	-54.294391	0.299000	1.000000
-13.4526463198729437920065	2.7426636028035122905067	-54.294391	-54.294391	0.299000	1.000000
-13.4526463198729437920065	2.7426636028035122905067	-54.294391	-54.294391	0.299000	1.000000
-13.4526463198729437920065	2.7426636028035122905067	-54.294391	-54.294391	0.299000	1.000000
-13.4526463198729437920065	2.7426636028035122905067	-54.294391	-54.294391	0.299000	1.000000
-13.4526463198729437920065	2.7426636028035122905067	-54.294391	-54.294391	0.299000	1.000000
-13.4526463198729437920065	2.7426636028035122905067	-54.294391	-54.294391	0.299000	1.000000
-13.4526463198729437920065	2.7426636028035122905067	-54.294391	-54.294391	0.299000	1.000000
-13.4526463198729437920065	2.7721347197793764216556	-55.456632	-55.456632	0.299000	1.000000
-13.4526463198729437920065	2.7721347197793764216556	-55.456632	-55.456632	0.299000	1.000000
-13.4897280194292008559387	2.7381466999445467358498	-53.772184	-53.772184	0.299000	1.000000
-13.4803836298671928517479	2.7381466999445467358498	-53.495373	-53.495373	0.299000	1.000000
-13.4803836298671928517479	2.7381466999445467358498	-53.495373	-53.495373	0.299000	1.000000
-13.4803836298671928517479	2.7381466999445467358498	-53.495373	-53.495373	0.299000	1.000000
-13.4803836298671928517479	2.7381466999445467358498	-53.495373	-53.495373	0.299000	1.000000
-13.4803836298671928517479	2.7428330807528134016593	-53.393193	-53.393193	0.299000	1.000000
-13.4803836298671928517479	2.7472808515071007740005	-53.307651	-53.307651	0.299000	1.000000
-13.4803836298671928517479	2.7472808515071007740005	-53.307651	-53.307651	0.299000	1.000000
-13.4897704493912069523276	2.7472808515071007740005	-53.629434	-53.629434	0.299000	1.000000
-13.4897704493912069523276	2.7472808515071007740005	-53.629434	-53.629434	0.299000	1.000000
-13.4897704493912069523276	2.7472808515071007740005	-53.629434	-53.629434	0.299000	1.000000
-13.4897704493912069523276	2.7472808515071007740005	-53.629434	-53.629434	0.299000	1.000000
-13.4897704493912069523276	2.7472808515071007740005	-53.629434	-53.629434	0.299000	1.000000
-13.4897704493912069523276	2.7472808515071007740005	-53.629434	-53.629434	0.299000	1.000000
-13.4568982634226745886963	2.7542042938433812793164	-54.262406	-54.262406	0.299000	1.000000
-13.4568982634226745886963	2.7014605853719277916980	-53.869489	-53.869489	0.299000	1.000000
-13.4927109481262341716956	2.7014605853719277916980	-54.748371	-54.748371	0.299000	1.000000
-13.4927109481262341716956	2.7014605853719277916980	-54.748371	-54.748371	0.299000	1.000000
-13.4540231258838520744803	2.7014605853719277916980	-53.910625	-53.910625	0.299000	1.000000
-13.4540231258838520744803	2.7014605853719277916980	-53.910625	-53.910625	0.299000	1.000000
-13.4540231258838520744803	2.7014605853719277916980	-53.910625	-53.910625	0.299000	1.000000
-13.4540231258838520744803	2.7014605853719277916980	-53.910625	-53.910625	0.299000	1.000000
-13.4540231258838520744803	2.7014605853719277916980	-53.910625	-53.910625	0.299000	1.000000
-13.4540231258838520744803	2.7014605853719277916980	-53.910625	-53.910625	0.299000	1.000000
-13.4540231258838520744803	2.7117352258309082024823	-53.854420	-53.854420	0.299000	1.000000
-13.4540231258838520744803	2.7117352258309082024823	-53.854420	-53.854420	0.299000	1.000000
-13.4540231258838520744803	2.7117352258309082024823	-53.854420	-53.854420	0.299000	1.000000
-13.4671433245779006426801	2.7382571272761651037797	-53.332305	-53.332305	0.299000	1.000000
-13.4671433245779006426801	2.7382571272761651037797	-53.332305	-53.332305	0.299000	1.000000
-13.4671433245779006426801	2.7382571272761651037797	-53.332305	-53.332305	0.299000	1.000000
-13.4671433245779006426801	2.7382571272761651037797	-53.332305	-53.332305	0.299000	1.000000
-13.4671433245779006426801	2.7382571272761651037797	-53.332305	-53.332305	0.299000	1.000000
-13.4671433245779006426801	2.7382571272761651037797	-53.332305	-53.332305	0.299000	1.000000
-13.4671433245779006426801	2.7159189127256175844138	-53.657606	-53.657606	0.299000	1.000000
-13.4671433245779006426801	2.7159189127256175844138	-53.657606	-53.657606	0.299000	1.000000
-13.4671433245779006426801	2.7159189127256175844138	-53.657606	-53.657606	0.299000	1.000000
-13.4671433245779006426801	2.7159189127256175844138	-53.657606	-53.657606	0.299000	1.000000
-13.4671433245779006426801	2.7159189127256175844138	-53.657606	-53.657606	0.299000	1.000000
-13.4671433245779006426801	2.7159189127256175844138	-53.657606	-53.657606	0.299000	1.000000
-13.4671433245779006426801	2.7159189127256175844138	-53.657606	-53.657606	0.299000	1.000000
-13.5125788849689278947608	2.8451509704660407074073	-53.379174	-53.379174	0.299000	1.000000
-13.5089505002262164623517	2.8451509704660407074073	-53.471338	-53.471338	0.299000	1.000000
-13.5339483725880320719170	2.8397768525460449495768	-54.055528	-54.055528	0.299000	1.000000
-13.5339483725880320719170	2.8578442841114646277845	-53.987706	-53.987706	0.299000	1.000000
-13.5339483725880320719170	2.8400087354372804959723	-54.054354	-54.054354	0.299000	1.000000
-13.5339483725880320719170	2.8920843083134926132516	-53.991262	-53.991262	0.299000	1.000000
-13.5339483725880320719170	2.8920843083134926132516	-53.991262	-53.991262	0.299000	1.000000
-13.5339483725880320719170	2.8920843083134926132516	-53.991262	-53.991262	0.299000	1.000000
-13.5339483725880320719170	2.8920843083134926132516	-53.991262	-53.991262	0.299000	1.000000
-13.5339483725880320719170	2.8920843083134926132516	-53.991262	-53.991262	0.299000	1.000000
-13.5339483725880320719170	2.8920843083134926132516	-53.991262	-53.991262	0.299000	1.000000
-13.5339483725880320719170	2.8920843083134926132516	-53.991262	-53.991262	0.299000	1.000000
-13.5339483725880320719170	2.8804612236918440970612	-53.868997	-53.868997	0.299000	1.000000
-13.5339483725880320719170	2.8804612236918440970612	-53.868997	-53.868997	0.299000	1.000000
-13.4835199019798714914486	2.7686546891918073498573	-53.047976	-53.047976	0.299000	1.000000
-13.5192506164798107448632	2.8212727384801090657618	-53.677898	-53.677898	0.299000	1.000000
-13.5192506164798107448632	2.8212727384801090657618	-53.677898	-53.677898	0.299000	1.000000
-13.5192506164798107448632	2.8212727384801090657618	-53.677898	-53.677898	0.299000	1.000000
-13.5192506164798107448632	2.8212727384801090657618	-53.677898	-53.677898	0.299000	1.000000
-13.5192506164798107448632	2.8212727384801090657618	-53.677898	-53.677898	0.299000	1.000000
-13.4920383743232790152433	2.8019596864412532610800	-53.206776	-53.206776	0.299000	1.000000
-13.4920383743232790152433	2.8019596864412532610800	-53.206776	-53.206776	0.299000	1.000000
-13.4920383743232790152433	2.8019596864412532610800	-53.206776	-53.206776	0.299000	1.000000
-13.4920383743232790152433	2.8019596864412532610800	-53.206776	-53.206776	0.299000	1.000000
-13.4920383743232790152433	2.8019596864412532610800	-53.206776	-53.206776	0.299000	1.000000
-13.4920383743232790152433	2.7248164027761383465531	-54.083840	-54.083840	0.299000	1.000000
-13.4920383743232790152433	2.8602212284482564363941	-54.288040	-54.288040	0.299000	1.000000
-13.4920383743232790152433	2.8602212284482564363941	-54.288040	-54.288040	0.299000	1.000000
-13.4920383743232790152433	2.8602212284482564363941	-54.288040	-54.288040	0.299000	1.000000
